#  nT     T_hot    cold_rate  n_pi_eval  gen    n_try    n_acc    tvd_ndim   tvd_orth   tvd_refl   tvd_1d1   tvd_1dall     dmusq      ksd       edfs       sq_avg_q    sq_avg_p      T 
    2 23170.4750          1     2000     1000     1000      438       0.102      0.101      0.101  0.5084445  0.5084445   0.1312104  0.1407954  0.3305679      4e-06         -1        1  
    2 23170.4750          1     4000     2000     2000      877      0.0145 0.006999996 0.006999996  0.3239999  0.3239999  0.01006747 0.05579544 0.09977703   0.000841         -1        1  
    2 23170.4750          1     8000     4000     4000     1769      0.0525    0.03875    0.03875  0.2359999  0.2359999   0.0030879 0.04654916 0.07635518   6.25e-06         -1        1  
    2 23170.4750          1    16000     8000     8000     3517       0.095      0.095      0.095  0.1873194  0.1873194  0.01521362 0.09732735  0.1372248    1.6e-05         -1        1  
    2 23170.4750          1    32000    16000    16000     7032       0.137      0.137      0.137  0.1725833  0.1725833  0.02880647  0.1388298  0.1932342 1.5625e-06         -1        1  
    2 23170.4750          1    64000    32000    32000    14097  0.08228125  0.0688125  0.0688125  0.1238472  0.1238472  0.0005753857 0.07053497  0.1159166 1.359766e-05         -1        1  
    2 23170.4750          1   128000    64000    64000    28438  0.05215625 0.05215625 0.05215625 0.08487667 0.08487667  0.00171044 0.05319811 0.07929759 9.571289e-06         -1        1  
    2 23170.4750          1   256000   128000   128000    56726  0.004281246 0.004281246 0.004281246 0.04761638 0.04761638  0.001078654 0.01535955 0.03280928 3.181665e-05         -1        1  
    2 23170.4750          1   512000   256000   256000   113752  0.003480468 0.0001132777 0.0001132777 0.03361253 0.03361253  0.0003648434 0.009230054 0.01910971 4.943848e-09         -1        1  
    2 23170.4750          1  1000000   500000   500000   222144  0.009525996 0.009525996 0.009525996 0.02618317 0.02618317  0.001132026  0.0103017  0.0336488 1.373584e-06         -1        1  
