# T:          1         0        0     625000   179728    625000   156316 
# T:    1.75271         0        0     625000   179650    625000   232330 
# T:    3.07201         0        0     625000   179892    625000   288480 
# T:    5.38435         0        0     625000   180213    625000   322319 
# T:    9.43722         0        0     625000   180545    625000   337464 
# T:    16.5407         0        0     625000   179509    625000   342082 
# T:    28.9912         0        0     625000   180235    625000   345565 
# T:    50.8133         0        0     625000   183983    625000   356322 
# T:    89.0611         0        0     625000   211081    625000   389497 
# T:    156.099         0        0     625000   270330    625000   437181 
# T:    273.596         0        0     625000   339382    625000   470987 
# T:    479.536         0        0     625000   386566    625000   481321 
# T:    840.489         0        0     625000   400930    625000   474396 
# T:    1473.14         0        0     625000   391146    625000   459689 
# T:    2581.99         0        0     625000   368429    625000   441759 
# T:    4525.48         0        0     625000   341705 
