#  nT     T_hot    cold_rate  n_pi_eval  gen    n_try    n_acc    tvd_ndim   tvd_orth   tvd_refl   tvd_1d1   tvd_1dall     dmusq      ksd       edfs       sq_avg_q    sq_avg_p      T 
   16 4525.4834          1    16000     1000     1000      301   0.8457031     0.5775     0.5775  0.5343334  0.2648891   0.8042114  0.2859156  0.3721918   0.002304         -1        1  
   16 4525.4834          1    32000     2000     2000      584   0.8097422      0.569      0.569  0.4496667  0.2014223   0.8042923  0.2874156  0.3755672   0.001369         -1        1  
   16 4525.4834          1    64000     4000     4000     1180   0.7812266       0.55       0.55  0.3644167  0.1532779   0.7856929  0.2757578   0.364254   6.25e-06         -1        1  
   16 4525.4834          1   128000     8000     8000     2352   0.7439531    0.53125    0.53125  0.2568611  0.1234695   0.7531913  0.1865927  0.2897024 0.0002325625         -1        1  
   16 4525.4834          1   256000    16000    16000     4542       0.643   0.443125   0.443125   0.236507  0.1000348   0.6462632  0.2044976  0.3118038 0.0002847656         -1        1  
   16 4525.4834          1   512000    32000    32000     9140   0.5414375  0.2775938  0.2775938  0.2532882  0.1506313   0.3988484    0.24678   0.359629 4.064062e-05         -1        1  
   16 4525.4834          1  1024000    64000    64000    18466   0.5278203   0.270625   0.270625  0.2464913  0.1776344   0.4192925  0.2458518  0.3578686 3.515625e-08         -1        1  
   16 4525.4834          1  2048000   128000   128000    36938   0.3492656  0.1647344  0.1647344  0.1570894 0.09964464   0.1180966  0.1560599  0.1865986 1.196289e-08         -1        1  
   16 4525.4834          1  4096000   256000   256000    73753   0.4064023   0.203125   0.203125    0.19952  0.1469305   0.2469718  0.1995237  0.2654566 7.932129e-07         -1        1  
   16 4525.4834          1  8192000   512000   512000   147322   0.3983535   0.199834   0.199834  0.1906523  0.1495938   0.2328299    0.19085  0.2545845 3.845276e-06         -1        1  
   16 4525.4834          1 10000000   625000   625000   179728   0.4382811   0.216934   0.216934  0.2003824  0.1666874   0.2840368   0.200597  0.2689735 2.09105e-05         -1        1  
