# T:          1         0        0      31250     9960     31250    24777 
# T:    1.38294         0        0      31250    10002     31250    24821 
# T:    1.91253         0        0      31250    10001     31250    24933 
# T:    2.64492         0        0      31250     9926     31250    24988 
# T:    3.65778         0        0      31250     9975     31250    24896 
# T:     5.0585         0        0      31250     9928     31250    24744 
# T:    6.99562         0        0      31250    10008     31250    24889 
# T:    9.67454         0        0      31250     9839     31250    24871 
# T:    13.3793         0        0      31250     9943     31250    25059 
# T:    18.5029         0        0      31250     9937     31250    24932 
# T:    25.5884         0        0      31250     9953     31250    24793 
# T:    35.3873         0        0      31250     9920     31250    24759 
# T:    48.9387         0        0      31250     9942     31250    24832 
# T:    67.6794         0        0      31250    10072     31250    24991 
# T:    93.5968         0        0      31250    10254     31250    25099 
# T:    129.439         0        0      31250    10807     31250    25261 
# T:    179.007         0        0      31250    11798     31250    25697 
# T:    247.556         0        0      31250    13062     31250    25848 
# T:    342.356         0        0      31250    13877     31250    26158 
# T:    473.459         0        0      31250    14628     31250    26327 
# T:    654.767         0        0      31250    14998     31250    26357 
# T:    905.506         0        0      31250    15020     31250    26319 
# T:    1252.26         0        0      31250    14599     31250    26334 
# T:    1731.81         0        0      31250    14099     31250    26013 
# T:    2394.99         0        0      31250    13761     31250    25808 
# T:    3312.14         0        0      31250    13089     31250    25871 
# T:     4580.5         0        0      31250    12740     31250    25467 
# T:    6334.58         0        0      31250    12242     31250    25423 
# T:    8760.36         0        0      31250    11611     31250    25405 
# T:    12115.1         0        0      31250    11651     31250    25339 
# T:    16754.5         0        0      31250    11461     31250    25265 
# T:    23170.5         0        0      31250    11356 
