#  nT     T_hot    cold_rate  n_pi_eval  gen    n_try    n_acc    tvd_ndim   tvd_orth   tvd_refl   tvd_1d1   tvd_1dall     dmusq      ksd       edfs       sq_avg_q    sq_avg_p      T 
    4 23170.4750          1     4000     1000     1000      262   0.9994202  0.9862812  0.9862812  0.6632221  0.3579583    22.43061  0.4999093 0.02834712   0.019044         -1        1  
    4 23170.4750          1     8000     2000     2000      538   0.9991913  0.9804687  0.9804687  0.5788333  0.3185972    22.44657  0.4927358  0.0303279   0.005929         -1        1  
    4 23170.4750          1    16000     4000     4000     1066   0.9990692  0.9804687  0.9804687  0.5269721  0.2852188    22.43755  0.4927358   0.029684   0.002304         -1        1  
    4 23170.4750          1    32000     8000     8000     2173   0.9989319  0.9802187  0.9802187  0.4975556  0.2669514    22.43089  0.4926904 0.03071248 0.0003900625         -1        1  
    4 23170.4750          1    64000    16000    16000     4279   0.9988403  0.9800937  0.9800937  0.4921319  0.2544923     22.4514  0.4926206 0.03021404 0.001032016         -1        1  
    4 23170.4750          1   128000    32000    32000     8666   0.9985199  0.9784687  0.9784687  0.4921944  0.2445568    22.45434  0.4921039 0.03736378 0.0005820156         -1        1  
    4 23170.4750          1   256000    64000    64000    17195   0.9983521     0.9785     0.9785  0.4916667  0.2398538    22.45759  0.4920937 0.03823029 1.160254e-05         -1        1  
    4 23170.4750          1   512000   128000   128000    34238   0.9982296  0.9788828  0.9788828  0.4916667  0.2380617    22.45791  0.4920961 0.03851698 6.9729e-06         -1        1  
    4 23170.4750          1  1000000   250000   250000    67100   0.9980792  0.9790247  0.9790247  0.4915947  0.2348937    22.45303  0.4920032  0.8428066 1.419782e-05         -1        1  
