#  nT     T_hot    cold_rate  n_pi_eval  gen    n_try    n_acc    tvd_ndim   tvd_orth   tvd_refl   tvd_1d1   tvd_1dall     dmusq      ksd       edfs       sq_avg_q    sq_avg_p      T 
    2 4096.0000          1     2000     1000     1000      361        0.75       0.75      0.019  0.6112222  0.5447222   0.5001355  0.5019523 0.06466332   0.001156         -1        1  
    2 4096.0000          1     4000     2000     2000      742         0.5        0.5     0.0305  0.5412778     0.3875   0.2967469  0.5013219  0.0641468    1.6e-05         -1        1  
    2 4096.0000          1     8000     4000     4000     1487     0.58225    0.58225    0.01125  0.5107222  0.4215972   0.3628582  0.5014146 0.06647778 0.00050625         -1        1  
    2 4096.0000          1    16000     8000     8000     2981     0.57875    0.57875    0.02575  0.4174306  0.3930903    0.312527  0.4134469  0.4115175 0.00265225         -1        1  
    2 4096.0000          1    32000    16000    16000     5812     0.22325      0.223   0.012375  0.2162153  0.1959444  0.07528663  0.2038639  0.2031165 0.0006125625         -1        1  
    2 4096.0000          1    64000    32000    32000    11496  0.08821875    0.08575 0.007312496 0.09580562 0.08015613  0.008299338 0.03061367 0.02984345 3.094141e-05         -1        1  
    2 4096.0000          1   128000    64000    64000    23102   0.1548281  0.1548281 0.008171875 0.07075873 0.09973782  0.02553182 0.03966356 0.03895572 0.0002671182         -1        1  
    2 4096.0000          1   256000   128000   128000    46177  0.07510938 0.07382031 0.004820316 0.05394796 0.05855081  0.006794061 0.03748152 0.03715007 5.648462e-05         -1        1  
    2 4096.0000          1   512000   256000   256000    92093    0.086875 0.08567578 0.003398437 0.07943053 0.08183051  0.01335588 0.07888763 0.07894618 1.669489e-05         -1        1  
    2 4096.0000          1  1000000   500000   500000   180095    0.067646    0.06701 0.004004004 0.06182978   0.064338  0.008300089 0.06169352 0.06189163  2.116e-07         -1        1  
