#  nT     T_hot    cold_rate  n_pi_eval  gen    n_try    n_acc    tvd_ndim   tvd_orth   tvd_refl   tvd_1d1   tvd_1dall     dmusq      ksd       edfs       sq_avg_q    sq_avg_p      T 
    4 23170.4750          1     4000     1000     1000      308    0.578125       0.28       0.28  0.5734445      0.417   0.5388451  0.3021301 0.01476575   0.001296         -1        1  
    4 23170.4750          1     8000     2000     2000      622     0.57925      0.273      0.273  0.4689445  0.3551112   0.5386122  0.3021301 0.01581654   0.000784         -1        1  
    4 23170.4750          1    16000     4000     4000     1254    0.436375    0.24375    0.24375  0.3911389     0.3125   0.4120378   0.284397  0.2851922      4e-06         -1        1  
    4 23170.4750          1    32000     8000     8000     2509      0.3535   0.217375   0.217375  0.2423196  0.1873056    1.169522 0.06340743 0.08546787 0.001040062         -1        1  
    4 23170.4750          1    64000    16000    16000     4985   0.4646875  0.4079375  0.4079375  0.3599167  0.2271736   0.7036928  0.3223104  0.3524157 1.40625e-07         -1        1  
    4 23170.4750          1   128000    32000    32000    10149   0.3927812  0.3466875  0.3466875  0.2990069  0.1392083   0.6857719  0.2767236  0.2939341 2.562891e-05         -1        1  
    4 23170.4750          1   256000    64000    64000    20422   0.2779687  0.2230625  0.2230625 0.09823445   0.112349   0.2478533 0.03006482 0.04585708 3.399414e-06         -1        1  
    4 23170.4750          1   512000   128000   128000    40846   0.1970859  0.1404609  0.1404609 0.07099137 0.09106251  0.08813284 0.04130264  0.1009069 0.0001145569         -1        1  
    4 23170.4750          1  1000000   250000   250000    79913    0.188732   0.132496   0.132496 0.05700937 0.08240399  0.09147618 0.01813622 0.03237131 3.401222e-05         -1        1  
