#  nT     T_hot    cold_rate  n_pi_eval  gen    n_try    n_acc    tvd_ndim   tvd_orth   tvd_refl   tvd_1d1   tvd_1dall     dmusq      ksd       edfs       sq_avg_q    sq_avg_p      T 
    2 23170.4750          1     2000     1000     1000      290   0.9726562     0.9125     0.9125   0.634111  0.4451945     7.23562  0.4921532 0.03335911   0.000324         -1        1  
    2 23170.4750          1     4000     2000     2000      570     0.96875     0.9015     0.9015  0.5696111  0.4035278    7.227966   0.492161 0.03436753     0.0004         -1        1  
    2 23170.4750          1     8000     4000     4000     1163     0.96875      0.898      0.898  0.5188333  0.3753472    7.228495  0.4921532 0.03481378   0.000324         -1        1  
    2 23170.4750          1    16000     8000     8000     2300     0.96875    0.90775    0.90775  0.4994861  0.3531944    7.234858  0.4921532  0.0351595 0.00030625         -1        1  
    2 23170.4750          1    32000    16000    16000     4668   0.9676875   0.907625   0.907625  0.4928125  0.3379549    7.225282  0.4921038 0.03710047 0.0002600156         -1        1  
    2 23170.4750          1    64000    32000    32000     9466   0.9682187   0.905375   0.905375  0.4916667  0.3280929    7.227378  0.4921038 0.03693314 0.0001485352         -1        1  
    2 23170.4750          1   128000    64000    64000    18876   0.9684687  0.9083125  0.9083125  0.4916667  0.3212909    7.228031  0.4921168 0.03717147 8.628906e-06         -1        1  
    2 23170.4750          1   256000   128000   128000    38430   0.9684375  0.9065547  0.9065547  0.4916667  0.3172731    7.226984  0.4920772 0.03962538 7.735352e-06         -1        1  
    2 23170.4750          1   512000   256000   256000    76908    0.968543  0.9065117  0.9065117  0.4916667  0.3134647     7.22597  0.4920772 0.03964778 5.133057e-08         -1        1  
    2 23170.4750          1  1000000   500000   500000   150166    0.968576    0.90575    0.90575  0.4916667  0.3111897    7.225767  0.4920648 0.04478536 3.444736e-06         -1        1  
