# T:          1         0        0      62500    19886     62500    25611 
# T:          2         0        0      62500    19966     62500    31803 
# T:          4         0        0      62500    20175     62500    34715 
# T:          8         0        0      62500    20036     62500    35913 
# T:         16         0        0      62500    20065     62500    36424 
# T:         32         0        0      62500    20202     62500    36617 
# T:         64         0        0      62500    21701     62500    38456 
# T:        128         0        0      62500    28585     62500    43848 
# T:        256         0        0      62500    37352     62500    48231 
# T:        512         0        0      62500    42472     62500    49527 
# T:       1024         0        0      62500    42982     62500    48748 
# T:       2048         0        0      62500    40722     62500    46573 
# T:       4096         0        0      62500    37384     62500    44725 
# T:       8192         0        0      62500    33867     62500    43105 
# T:      16384         0        0      62500    30323     62500    40881 
# T:      32768         0        0      62500    27471 
