# T:          1         0        0      62500    16708     62500    15473 
# T:    1.82344         0        0      62500    16989     62500    20095 
# T:    3.32495         0        0      62500    16708     62500    23475 
# T:    6.06287         0        0      62500    16843     62500    25517 
# T:    11.0553         0        0      62500    16958     62500    26230 
# T:    20.1587         0        0      62500    18729     62500    30837 
# T:    36.7583         0        0      62500    23837     62500    36933 
# T:    67.0268         0        0      62500    30795     62500    41419 
# T:     122.22         0        0      62500    35749     62500    42252 
# T:    222.861         0        0      62500    37770     62500    40745 
# T:    406.375         0        0      62500    36662     62500    38505 
# T:    741.002         0        0      62500    34039     62500    36472 
# T:    1351.18         0        0      62500    31306     62500    34636 
# T:     2463.8         0        0      62500    28792     62500    32391 
# T:     4492.6         0        0      62500    25877     62500    30473 
# T:       8192         0        0      62500    23971 
