#  nT     T_hot    cold_rate  n_pi_eval  gen    n_try    n_acc    tvd_ndim   tvd_orth   tvd_refl   tvd_1d1   tvd_1dall     dmusq      ksd       edfs       sq_avg_q    sq_avg_p      T 
    4 23170.4750          1     4000     1000     1000      350      0.7945      0.516      0.516  0.6991112  0.4173333    3.903165  0.5889105    1.78945   0.002116         -1        1  
    4 23170.4750          1     8000     2000     2000      638       0.717     0.5045     0.5045  0.6629445  0.3965556    4.406444  0.5907707   1.828528   0.002304         -1        1  
    4 23170.4750          1    16000     4000     4000     1296     0.69375    0.48175    0.48175  0.4336111  0.2133333    2.312645  0.2972645  0.8536786 0.00172225         -1        1  
    4 23170.4750          1    32000     8000     8000     2607     0.58925     0.3815     0.3815  0.3938333  0.1428194    2.424963  0.3704058   1.084391 0.0002805625         -1        1  
    4 23170.4750          1    64000    16000    16000     5184    0.421875  0.2509375  0.2509375  0.2773194   0.125118    0.804514  0.2663033  0.8106195  5.625e-07         -1        1  
    4 23170.4750          1   128000    32000    32000    10246   0.2871875  0.1622188  0.1622188  0.1933646 0.09065957   0.1665857  0.1578725  0.3724167 0.0001050625         -1        1  
    4 23170.4750          1   256000    64000    64000    20428   0.2719375  0.1311094  0.1311094  0.1402742 0.06212666   0.1898672  0.1128878  0.2373956 0.0001329697         -1        1  
    4 23170.4750          1   512000   128000   128000    40683   0.1799297 0.08428125 0.08428125 0.08345919 0.03540447  0.08204089 0.06378356  0.1824288 9.968774e-05         -1        1  
    4 23170.4750          1  1000000   250000   250000    79462    0.112086    0.04218    0.04218 0.07141156 0.02575639  0.02892151 0.05108776  0.1642305 7.1824e-06         -1        1  
