#  nT     T_hot    cold_rate  n_pi_eval  gen    n_try    n_acc    tvd_ndim   tvd_orth   tvd_refl   tvd_1d1   tvd_1dall     dmusq      ksd       edfs       sq_avg_q    sq_avg_p      T 
    4 23170.4750          1     4000     1000     1000      299    0.881625      0.875     0.1365  0.6098888  0.3288056   0.7504824    0.36167  0.3553436   0.029584         -1        1  
    4 23170.4750          1     8000     2000     2000      580   0.8305625     0.8115     0.1045  0.4131667  0.2227639   0.3553329  0.1679062   0.161314   0.026896         -1        1  
    4 23170.4750          1    16000     4000     4000     1208   0.7233437    0.71325 0.08000001      0.281  0.1725278   0.2751836 0.02040867 0.009221779 0.00680625         -1        1  
    4 23170.4750          1    32000     8000     8000     2377   0.6100937    0.60575   0.058875  0.2565555  0.1086735  0.05458453  0.1923501  0.1919321 0.00148225         -1        1  
    4 23170.4750          1    64000    16000    16000     4791    0.528625   0.508625 0.03987499  0.1699235  0.1450035    0.105787  0.1068501  0.1071009   0.001156         -1        1  
    4 23170.4750          1   128000    32000    32000     9597   0.4111562   0.402875 0.03071874  0.1422499 0.08518136  0.03719151  0.1165241   0.116527 0.0005670352         -1        1  
    4 23170.4750          1   256000    64000    64000    19156   0.2664531  0.2561719 0.02282812 0.07350517 0.04249208  0.01535314 0.009993051 0.005698558 0.00013225         -1        1  
    4 23170.4750          1   512000   128000   128000    38627   0.1866953  0.1807187 0.01215625 0.08160937 0.02967964  0.01396249 0.07387237 0.07351087 5.837915e-05         -1        1  
    4 23170.4750          1  1000000   250000   250000    75023   0.1828662   0.182504   0.011752  0.1063876 0.02019085  0.02378052  0.1063662  0.1062876 5.149498e-05         -1        1  
