#  nT     T_hot    cold_rate  n_pi_eval  gen    n_try    n_acc    tvd_ndim   tvd_orth   tvd_refl   tvd_1d1   tvd_1dall     dmusq      ksd       edfs       sq_avg_q    sq_avg_p      T 
    2 23170.4750          1     2000     1000     1000      299   0.9296875       0.75       0.75  0.9333333  0.3843612    3.182672  0.9107129 0.05849926     0.0081         -1        1  
    2 23170.4750          1     4000     2000     2000      604   0.9296875       0.75       0.75  0.9333333  0.3186806    3.172628  0.9107129 0.05663605   0.001681         -1        1  
    2 23170.4750          1     8000     4000     4000     1218   0.9296875       0.75       0.75  0.9333333  0.2662987    3.169309  0.9107129 0.05575754 0.00297025         -1        1  
    2 23170.4750          1    16000     8000     8000     2455   0.9296875       0.75       0.75  0.9333333  0.2404757    3.172955  0.9106913 0.05964895    1.6e-05         -1        1  
    2 23170.4750          1    32000    16000    16000     4863   0.9296875       0.75       0.75  0.9333333  0.2295087    3.173022  0.9106724 0.06547479   6.25e-08         -1        1  
    2 23170.4750          1    64000    32000    32000     9612   0.9296875       0.75       0.75  0.9333333  0.2270581    3.174189  0.9106724  0.0656416      9e-06         -1        1  
    2 23170.4750          1   128000    64000    64000    19271   0.9296875       0.75       0.75  0.9333333  0.2253945     3.17345   0.910666 0.07166714 4.785156e-08         -1        1  
    2 23170.4750          1   256000   128000   128000    38444   0.9296875       0.75       0.75  0.9333333  0.2254551    3.174263   0.910666 0.07236063 1.612524e-05         -1        1  
    2 23170.4750          1   512000   256000   256000    76916   0.9296875       0.75       0.75  0.9333333  0.2253574    3.173966   0.910666  0.0723411 1.722656e-06         -1        1  
    2 23170.4750          1  1000000   500000   500000   149882   0.9296875       0.75       0.75  0.9333333   0.225371    3.173834  0.9106658 0.07278861 5.363856e-06         -1        1  
