#  nT     T_hot    cold_rate  n_pi_eval  gen    n_try    n_acc    tvd_ndim   tvd_orth   tvd_refl   tvd_1d1   tvd_1dall     dmusq      ksd       edfs       sq_avg_q    sq_avg_p      T 
    1    1.0000          1     1000     1000     1000        0   0.9997559   0.984375   0.984375  0.9972222  0.9833333    22.24173  0.8845069          0          1         -1        1  
    1    1.0000          1     2000     2000     2000        0   0.9997559   0.984375   0.984375  0.9972222  0.9833333    22.24173  0.8845069          0          1         -1        1  
    1    1.0000          1     4000     4000     4000        0   0.9997559   0.984375   0.984375  0.9972222  0.9833333    22.24173  0.8845069          0          1         -1        1  
    1    1.0000          1     8000     8000     8000        0   0.9997559   0.984375   0.984375  0.9972222  0.9833333    22.24173  0.8845069          0          1         -1        1  
    1    1.0000          1    16000    16000    16000        0   0.9997559   0.984375   0.984375  0.9972222  0.9833333    22.24173  0.8845069          0          1         -1        1  
    1    1.0000          1    32000    32000    32000        0   0.9997559   0.984375   0.984375  0.9972222  0.9833333    22.24173  0.8845069          0          1         -1        1  
    1    1.0000          1    64000    64000    64000        0   0.9997559   0.984375   0.984375  0.9972222  0.9833333    22.24173  0.8845069          0          1         -1        1  
    1    1.0000          1   128000   128000   128000        0   0.9997559   0.984375   0.984375  0.9972222  0.9833333    22.24173  0.8845069          0          1         -1        1  
    1    1.0000          1   256000   256000   256000        0   0.9997559   0.984375   0.984375  0.9972222  0.9833333    22.24173  0.8845069          0          1         -1        1  
    1    1.0000          1   512000   512000   512000        0   0.9997559   0.984375   0.984375  0.9972222  0.9833333    22.24173  0.8845069          0          1         -1        1  
    1    1.0000          1  1000000  1000000  1000000        0   0.9997559   0.984375   0.984375  0.9972222  0.9833333    22.24173  0.8845069          0          1         -1        1  
