#  nT     T_hot    cold_rate  n_pi_eval  gen    n_try    n_acc    tvd_ndim   tvd_orth   tvd_refl   tvd_1d1   tvd_1dall     dmusq      ksd       edfs       sq_avg_q    sq_avg_p      T 
    4 23170.4750          1     4000     1000     1000      369      0.2935      0.203      0.203  0.6081111  0.3780556   0.4440889  0.2809302  0.7588281   0.001156         -1        1  
    4 23170.4750          1     8000     2000     2000      708      0.1615     0.1365     0.1365  0.4634445  0.2738611   0.1964373  0.2584302  0.4605254   0.000625         -1        1  
    4 23170.4750          1    16000     4000     4000     1421     0.17975     0.0925     0.0925  0.3116944   0.189375  0.07151966 0.09041192  0.2682876   0.000729         -1        1  
    4 23170.4750          1    32000     8000     8000     2837     0.16025   0.116875   0.116875  0.2268334  0.1572083   0.1171102 0.09852333  0.1407663 0.00038025         -1        1  
    4 23170.4750          1    64000    16000    16000     5604   0.1373125  0.0981875  0.0981875  0.1745069  0.1171528  0.06571659 0.07605499  0.2387383 0.0001995156         -1        1  
    4 23170.4750          1   128000    32000    32000    11474  0.09371874  0.0335625  0.0335625   0.122368  0.0910086  0.03648631 0.06966827  0.1907677 0.0001625625         -1        1  
    4 23170.4750          1   256000    64000    64000    22934    0.076875 0.02529688 0.02529688 0.08297043 0.05802253   0.0282311 0.04243425   0.144455 6.500391e-05         -1        1  
    4 23170.4750          1   512000   128000   128000    45770  0.04830469 0.01254688 0.01254688 0.05322399  0.0311637  0.005458357 0.02630494 0.05883537 9.354517e-05         -1        1  
    4 23170.4750          1  1000000   250000   250000    89144    0.041652    0.01058    0.01058 0.03953646   0.026878  0.001498772 0.01656106 0.04270747 7.341062e-05         -1        1  
