#  nT     T_hot    cold_rate  n_pi_eval  gen    n_try    n_acc    tvd_ndim   tvd_orth   tvd_refl   tvd_1d1   tvd_1dall     dmusq      ksd       edfs       sq_avg_q    sq_avg_p      T 
    2 23170.4750          1     2000     1000     1000      295   0.9755859      0.875      0.875  0.5795557  0.3625556    1.551619  0.3062214 0.01470313   0.008464         -1        1  
    2 23170.4750          1     4000     2000     2000      607   0.9626465      0.875      0.875  0.4729445  0.3227501    1.545281  0.3038269  0.0175112   0.008649         -1        1  
    2 23170.4750          1     8000     4000     4000     1142   0.9528809      0.875      0.875    0.41425     0.3055    1.535902  0.3053754 0.01708264 0.00038025         -1        1  
    2 23170.4750          1    16000     8000     8000     2308   0.9493262      0.875      0.875  0.3593334  0.2937223    1.535186   0.302355 0.01726046 0.00038025         -1        1  
    2 23170.4750          1    32000    16000    16000     4568   0.9486445      0.875      0.875   0.326007  0.2895139    1.536909  0.3022925 0.01665971 8.55625e-05         -1        1  
    2 23170.4750          1    64000    32000    32000     9012   0.9476055      0.875      0.875    0.30575  0.2890816    1.536381  0.2999478 0.01995943 7.439063e-05         -1        1  
    2 23170.4750          1   128000    64000    64000    18021   0.9476641      0.875      0.875  0.3004132  0.2891389    1.535601  0.2997061 0.02240313 5.166016e-07         -1        1  
    2 23170.4750          1   256000   128000   128000    35933   0.9473086      0.875      0.875   0.299309  0.2892431    1.533941  0.2995113 0.02548005      4e-06         -1        1  
    2 23170.4750          1   512000   256000   256000    71243   0.9473008      0.875      0.875  0.2993906    0.28926    1.533942  0.2994983 0.02515275 0.0001050625         -1        1  
    2 23170.4750          1  1000000   500000   500000   139083   0.9472656      0.875      0.875    0.29929  0.2892739    1.534195  0.2994975 0.02532997 2.446096e-06         -1        1  
