# T:          1         0        0      62500    18739     62500    33367 
# T:    1.95432         0        0      62500    18907     62500    33671 
# T:    3.81937         0        0      62500    18781     62500    33103 
# T:    7.46426         0        0      62500    18732     62500    33164 
# T:    14.5876         0        0      62500    19018     62500    33291 
# T:    28.5088         0        0      62500    18725     62500    33298 
# T:    55.7152         0        0      62500    18772     62500    33299 
# T:    108.885         0        0      62500    19738     62500    34845 
# T:    212.797         0        0      62500    23162     62500    37806 
# T:    415.873         0        0      62500    26867     62500    39678 
# T:    812.749         0        0      62500    28210     62500    38748 
# T:    1588.37         0        0      62500    27215     62500    37644 
# T:    3104.19         0        0      62500    24917     62500    36488 
# T:    6066.58         0        0      62500    23607     62500    35151 
# T:      11856         0        0      62500    22061     62500    34739 
# T:    23170.5         0        0      62500    21193 
