#  nT     T_hot    cold_rate  n_pi_eval  gen    n_try    n_acc    tvd_ndim   tvd_orth   tvd_refl   tvd_1d1   tvd_1dall     dmusq      ksd       edfs       sq_avg_q    sq_avg_p      T 
    2 4096.0000          1     2000     1000     1000      325       0.875      0.875      0.099  0.6287777  0.3455555   0.7481127  0.5086451 0.06378746   0.015876         -1        1  
    2 4096.0000          1     4000     2000     2000      662       0.875      0.875      0.062  0.5608333   0.268111   0.7525308  0.5008467 0.06719317   0.001024         -1        1  
    2 4096.0000          1     8000     4000     4000     1281       0.875      0.875    0.04025  0.5186389  0.2123888   0.7489211  0.5008467 0.06776952 0.00046225         -1        1  
    2 4096.0000          1    16000     8000     8000     2607       0.875      0.875   0.043125  0.5056111   0.185875   0.7531626  0.5009379 0.07150052 0.001105563         -1        1  
    2 4096.0000          1    32000    16000    16000     5214       0.875      0.875  0.0208125  0.5009583  0.1714167   0.7499378  0.5004305 0.07947942 0.0003195156         -1        1  
    2 4096.0000          1    64000    32000    32000    10442       0.875      0.875 0.02371875        0.5  0.1678368   0.7509238  0.5000714 0.08394577 0.0004331602         -1        1  
    2 4096.0000          1   128000    64000    64000    20794   0.7872031  0.7872031 0.01629688  0.4122031  0.1959323   0.6704675  0.4122529  0.4117019 4.856348e-05         -1        1  
    2 4096.0000          1   256000   128000   128000    41227   0.6676094  0.6676094 0.01355469 0.05965628 0.04475512  0.004965546 0.04394054 0.04476645 9.689941e-05         -1        1  
    2 4096.0000          1   512000   256000   256000    82393   0.5762422  0.5762422  0.0083125  0.1315864 0.06077691  0.09663068  0.1314106  0.1305883 1.941504e-05         -1        1  
    2 4096.0000          1  1000000   500000   500000   161117    0.457166   0.457166 0.005823999 0.06126378 0.03908619   0.1905192 0.06028637 0.06080491 2.83024e-07         -1        1  
