#  nT     T_hot    cold_rate  n_pi_eval  gen    n_try    n_acc    tvd_ndim   tvd_orth   tvd_refl   tvd_1d1   tvd_1dall     dmusq      ksd       edfs       sq_avg_q    sq_avg_p      T 
    1    1.0000          1     1000     1000     1000        0      0.9375       0.75       0.75  0.9972222  0.9944444    8.361847  0.8629245          0          1         -1        1  
    1    1.0000          1     2000     2000     2000        0      0.9375       0.75       0.75  0.9972222  0.9944444    8.361847  0.8629245          0          1         -1        1  
    1    1.0000          1     4000     4000     4000        0      0.9375       0.75       0.75  0.9972222  0.9944444    8.361847  0.8629245          0          1         -1        1  
    1    1.0000          1     8000     8000     8000        1       0.875    0.57675    0.57675  0.9944444  0.9888889    4.499429  0.6896745   1.430244  0.4270622         -1        1  
    1    1.0000          1    16000    16000    16000        1       0.875        0.5        0.5  0.9944444  0.9888889     1.26681  0.4457851  0.2014159 0.03001556         -1        1  
    1    1.0000          1    32000    32000    32000        2      0.8125  0.2933125  0.2933125  0.9916667  0.9833333    2.394142  0.4457851  0.2245047  0.3441289         -1        1  
    1    1.0000          1    64000    64000    64000        3        0.75  0.2705469  0.2705469  0.9888889  0.9777778    2.198361  0.4474778  0.8785113  0.6293447         -1        1  
    1    1.0000          1   128000   128000   128000       15   0.4697031  0.2809063  0.2809063  0.9583333  0.9231407    1.152393  0.3163215  0.7633972  0.2074375         -1        1  
    1    1.0000          1   256000   256000   256000       29   0.4160586  0.3751562  0.3751562   0.926954  0.8586657    1.083101  0.2728762  0.7828191  0.2264421         -1        1  
    1    1.0000          1   512000   512000   512000       57   0.3549609  0.2935234  0.2935234    0.87189  0.7732495   0.7478794  0.3067053  0.7820674 0.02997497         -1        1  
    1    1.0000          1  1000000  1000000  1000000       87    0.316925   0.208338   0.208338  0.8274422  0.7009984   0.1480866  0.2251702  0.3971054 0.003654202         -1        1  
