# T:          1         0        0      38462    13611     38462    26252 
# T:        1.5         0        0      38462    13570     38462    27858 
# T:       2.25         0        0      38462    13659     38462    29025 
# T:      3.375         0        0      38462    13749     38462    29859 
# T:     5.0625         0        0      38462    13897     38462    30363 
# T:    7.59375         0        0      38462    13688     38462    30504 
# T:    11.3906         0        0      38462    13705     38462    30640 
# T:    17.0859         0        0      38462    13721     38462    30795 
# T:    25.6289         0        0      38462    13760     38462    30728 
# T:    38.4434         0        0      38462    13946     38462    30899 
# T:     57.665         0        0      38462    14642     38462    31058 
# T:    86.4976         0        0      38462    16723     38462    31640 
# T:    129.746         0        0      38462    19954     38462    32573 
# T:     194.62         0        0      38462    23234     38462    33663 
# T:    291.929         0        0      38462    25820     38462    34365 
# T:    437.894         0        0      38462    27442     38462    34860 
# T:    656.841         0        0      38462    28128     38462    34962 
# T:    985.261         0        0      38462    27975     38462    34840 
# T:    1477.89         0        0      38462    27318     38462    34561 
# T:    2216.84         0        0      38462    26303     38462    34275 
# T:    3325.26         0        0      38462    25262     38462    33853 
# T:    4987.89         0        0      38462    23831     38462    33342 
# T:    7481.83         0        0      38462    22477     38462    33292 
# T:    11222.7         0        0      38462    21306     38462    32807 
# T:    16834.1         0        0      38462    19990     38462    32576 
# T:    25251.2         0        0      38462    19071 
