# T:          1         0        0      62500    18795     62500    23689 
# T:    1.95432         0        0      62500    18813     62500    28178 
# T:    3.81937         0        0      62500    18756     62500    31672 
# T:    7.46426         0        0      62500    18762     62500    32780 
# T:    14.5876         0        0      62500    18883     62500    32999 
# T:    28.5088         0        0      62500    18710     62500    33370 
# T:    55.7152         0        0      62500    19391     62500    34996 
# T:    108.885         0        0      62500    24199     62500    39997 
# T:    212.797         0        0      62500    32619     62500    45363 
# T:    415.873         0        0      62500    39288     62500    47705 
# T:    812.749         0        0      62500    41725     62500    46895 
# T:    1588.37         0        0      62500    40353     62500    44867 
# T:    3104.19         0        0      62500    37155     62500    42691 
# T:    6066.58         0        0      62500    33693     62500    40511 
# T:      11856         0        0      62500    30465     62500    39203 
# T:    23170.5         0        0      62500    27772 
