#  nT     T_hot    cold_rate  n_pi_eval  gen    n_try    n_acc    tvd_ndim   tvd_orth   tvd_refl   tvd_1d1   tvd_1dall     dmusq      ksd       edfs       sq_avg_q    sq_avg_p      T 
    4 8192.0000          1     4000     1000     1000      300   0.9938965    0.96075    0.96075  0.6537778  0.3512779    2.872652    0.49761 0.04958902   0.001156         -1        1  
    4 8192.0000          1     8000     2000     2000      575   0.9936523   0.966875   0.966875  0.5771667  0.3215557     2.87387  0.4960841 0.05372174      9e-06         -1        1  
    4 8192.0000          1    16000     4000     4000     1117   0.9924316   0.966875   0.966875  0.5237499  0.2970973    2.861585  0.4953341 0.05977017  7.225e-05         -1        1  
    4 8192.0000          1    32000     8000     8000     2254   0.9915742   0.958375   0.958375  0.4996389  0.2888889    2.861067  0.4921504 0.06831649   6.25e-08         -1        1  
    4 8192.0000          1    64000    16000    16000     4561   0.9904551   0.953125   0.953125  0.4936806  0.2852952    2.859053  0.4921023 0.07255554 0.0002520156         -1        1  
    4 8192.0000          1   128000    32000    32000     9065   0.9842461  0.9377187  0.9377187  0.4919757  0.2442778    3.058691  0.4921291 0.07380655 1.722656e-06         -1        1  
    4 8192.0000          1   256000    64000    64000    18125   0.9657891    0.89675    0.89675  0.3009722  0.1310747   0.7855076  0.2997072  0.3295167 1.118066e-05         -1        1  
    4 8192.0000          1   512000   128000   128000    36012   0.9545762  0.8512109  0.8512109  0.3002595 0.08848361   0.5152643  0.2390972  0.3774289 6.890625e-06         -1        1  
    4 8192.0000          1  1000000   250000   250000    69808    0.931919   0.775161   0.775161  0.2936316  0.1034612    2.419575   0.293556    0.64135 4.01449e-05         -1        1  
