# T:          1         0        0     625000   179530    625000   231178 
# T:    1.61119         0        0     625000   179440    625000   274056 
# T:    2.59594         0        0     625000   179564    625000   316572 
# T:    4.18256         0        0     625000   179754    625000   349928 
# T:     6.7389         0        0     625000   179925    625000   367560 
# T:    10.8577         0        0     625000   181495    625000   382069 
# T:    17.4938         0        0     625000   195697    625000   401496 
# T:    28.1859         0        0     625000   232512    625000   436182 
# T:    45.4128         0        0     625000   289995    625000   470507 
# T:    73.1688         0        0     625000   346695    625000   494312 
# T:    117.889         0        0     625000   385698    625000   502549 
# T:    189.942         0        0     625000   400727    625000   498841 
# T:    306.033         0        0     625000   397051    625000   489258 
# T:    493.078         0        0     625000   380284    625000   475356 
# T:    794.443         0        0     625000   358527    625000   464080 
# T:       1280         0        0     625000   334890 
