#  nT     T_hot    cold_rate  n_pi_eval  gen    n_try    n_acc    tvd_ndim   tvd_orth   tvd_refl   tvd_1d1   tvd_1dall     dmusq      ksd       edfs       sq_avg_q    sq_avg_p      T 
   16 1280.0000          1    16000     1000     1000      260    0.828125    0.59975    0.59975  0.5601112     0.3116   0.5900667  0.3229078  0.4283279   0.000256         -1        1  
   16 1280.0000          1    32000     2000     2000      536   0.7575391    0.53825    0.53825  0.4486668  0.2536556   0.3831282  0.2487966  0.3262938   0.005929         -1        1  
   16 1280.0000          1    64000     4000     4000     1105   0.7020156    0.52575    0.52575  0.2691668  0.2065333   0.3445137 0.05408873 0.09976676   0.002209         -1        1  
   16 1280.0000          1   128000     8000     8000     2300   0.6815234   0.534125   0.534125  0.2036249  0.1843695   0.4411251  0.1209549  0.1904347 0.001958062         -1        1  
   16 1280.0000          1   256000    16000    16000     4557   0.5564453  0.3346875  0.3346875  0.1750347  0.1120903   0.2830793  0.1167049  0.1356585   0.000441         -1        1  
   16 1280.0000          1   512000    32000    32000     9194   0.3854766  0.2088125  0.2088125  0.1852742 0.05152358  0.09759462   0.172022   0.215165 0.0002231289         -1        1  
   16 1280.0000          1  1024000    64000    64000    18464   0.3008437  0.1749531  0.1749531  0.2067465 0.06913052   0.1285949  0.2040561  0.2766797 3.525391e-07         -1        1  
   16 1280.0000          1  2048000   128000   128000    36790   0.3179609  0.1760234  0.1760234   0.199474  0.1156594   0.1768022  0.1995014  0.2757097 1.291504e-07         -1        1  
   16 1280.0000          1  4096000   256000   256000    73489   0.2458008   0.115207   0.115207  0.1280525 0.07462038  0.05762571  0.1276091  0.1737912 1.001129e-05         -1        1  
   16 1280.0000          1  8192000   512000   512000   146983   0.1610957 0.07963671 0.07963671 0.09444945 0.04575668  0.02502212 0.09351565  0.1227431 1.371313e-05         -1        1  
   16 1280.0000          1 10000000   625000   625000   179530   0.1313031 0.06234359 0.06234359  0.0659047 0.03333467  0.01570653 0.06458429 0.08878895 1.323795e-05         -1        1  
