#  nT     T_hot    cold_rate  n_pi_eval  gen    n_try    n_acc    tvd_ndim   tvd_orth   tvd_refl   tvd_1d1   tvd_1dall     dmusq      ksd       edfs       sq_avg_q    sq_avg_p      T 
    2 23170.4750          1     2000     1000     1000      285    0.984375     0.9375     0.9375  0.8396667  0.4427778    11.00668  0.8336047  0.0469262    6.4e-05         -1        1  
    2 23170.4750          1     4000     2000     2000      587    0.984375     0.9375     0.9375  0.8333333  0.3746945    11.02045   0.833415 0.05557064   0.003364         -1        1  
    2 23170.4750          1     8000     4000     4000     1186    0.984375     0.9375     0.9375  0.8333333  0.3501945    11.01801   0.833415 0.05676438 0.00075625         -1        1  
    2 23170.4750          1    16000     8000     8000     2390    0.984375     0.9375     0.9375  0.8333333  0.3358854    11.00302  0.8333684 0.05881114  9.025e-05         -1        1  
    2 23170.4750          1    32000    16000    16000     4761    0.984375     0.9375     0.9375  0.8333333  0.3336111    11.00267  0.8333684 0.05886819 8.265625e-06         -1        1  
    2 23170.4750          1    64000    32000    32000     9540    0.984375     0.9375     0.9375  0.8333333  0.3333333    11.00285  0.8333675 0.05910159 7.910156e-06         -1        1  
    2 23170.4750          1   128000    64000    64000    19315    0.984375     0.9375     0.9375  0.8333333  0.3333333    11.00517  0.8333414 0.06556676 4.515625e-06         -1        1  
    2 23170.4750          1   256000   128000   128000    38534    0.984375     0.9375     0.9375  0.8333333  0.3333333    11.00227  0.8333414 0.06526217 5.790039e-06         -1        1  
    2 23170.4750          1   512000   256000   256000    77141    0.984375     0.9375     0.9375  0.8333333  0.3333333    11.00101  0.8333357 0.07004729 4.987891e-05         -1        1  
    2 23170.4750          1  1000000   500000   500000   150326   0.9804647   0.874996   0.874996  0.7692693  0.2852863    8.369773  0.7692717   2.183904 1.19716e-05         -1        1  
