#  nT     T_hot    cold_rate  n_pi_eval  gen    n_try    n_acc    tvd_ndim   tvd_orth   tvd_refl   tvd_1d1   tvd_1dall     dmusq      ksd       edfs       sq_avg_q    sq_avg_p      T 
    4 4096.0000          1     4000     1000     1000      275   0.9848633   0.984375    0.27775  0.6575557  0.2909445    1.485473  0.5007481 0.06735985   0.000484         -1        1  
    4 4096.0000          1     8000     2000     2000      555   0.9631348   0.945125   0.183625  0.5596667  0.2216667    0.495256  0.4927481  0.4644628   0.000625         -1        1  
    4 4096.0000          1    16000     4000     4000     1143   0.9399414    0.93275   0.128125  0.5284723  0.1381668   0.4426161  0.4956633  0.4762285 0.00330625         -1        1  
    4 4096.0000          1    32000     8000     8000     2326   0.9247812   0.918875   0.094875  0.5055972 0.09077787   0.5287606  0.4979416  0.4767225   6.25e-06         -1        1  
    4 4096.0000          1    64000    16000    16000     4649   0.8786016  0.8686875   0.062875    0.34275 0.06426045   0.2156071  0.3380666  0.3374503 1.914063e-05         -1        1  
    4 4096.0000          1   128000    32000    32000     9166   0.7961113    0.77225  0.0511875  0.1386563 0.05438722  0.07969529  0.1040696  0.1035786 2.956641e-05         -1        1  
    4 4096.0000          1   256000    64000    64000    18140   0.7034609      0.682 0.03189062  0.1601442 0.03725174   0.0990168  0.1573419   0.157772 6.601563e-05         -1        1  
    4 4096.0000          1   512000   128000   128000    36182   0.5519297  0.5207813 0.02289062 0.06111985 0.04587634  0.06581197 0.02983953 0.02898735 3.770728e-05         -1        1  
    4 4096.0000          1  1000000   250000   250000    70729    0.394973   0.370663   0.018637 0.04632181 0.04420669  0.03818935 0.03328914 0.03317474 7.231802e-05         -1        1  
