#  nT     T_hot    cold_rate  n_pi_eval  gen    n_try    n_acc    tvd_ndim   tvd_orth   tvd_refl   tvd_1d1   tvd_1dall     dmusq      ksd       edfs       sq_avg_q    sq_avg_p      T 
    2 23170.4750          1     2000     1000     1000      326    0.731625      0.595      0.595  0.7985556      0.331   0.6938691  0.7007481 0.04075192     0.0025         -1        1  
    2 23170.4750          1     4000     2000     2000      677      0.7235     0.5775     0.5775  0.7896667  0.2621111   0.6924392  0.7007481  0.0439846    1.6e-05         -1        1  
    2 23170.4750          1     8000     4000     4000     1293    0.720875     0.5625     0.5625  0.7888889  0.2115556   0.6916893  0.7007101 0.04457103   0.000529         -1        1  
    2 23170.4750          1    16000     8000     8000     2580     0.71875   0.554625   0.554625  0.7888889  0.1828334   0.6915804  0.7005255 0.05450919   0.000676         -1        1  
    2 23170.4750          1    32000    16000    16000     5069     0.71875  0.5529375  0.5529375  0.7888889  0.1637638   0.6914022  0.7005255 0.05469797 0.0006438906         -1        1  
    2 23170.4750          1    64000    32000    32000    10264     0.71875    0.54975    0.54975  0.7888889  0.1467847    0.691631  0.7005265 0.05558409 0.0002805625         -1        1  
    2 23170.4750          1   128000    64000    64000    20388     0.71875    0.54725    0.54725  0.7888889  0.1363541   0.6919333  0.7005255 0.05583012 3.515625e-08         -1        1  
    2 23170.4750          1   256000   128000   128000    40931   0.6577031      0.375      0.375  0.6034045  0.1815399   0.6437012  0.5149786  0.5177489 6.601562e-07         -1        1  
    2 23170.4750          1   512000   256000   256000    81768   0.5824609  0.4751641  0.4751641  0.3117891  0.3144479    1.231363  0.2870084  0.3398439 1.606256e-05         -1        1  
    2 23170.4750          1  1000000   500000   500000   159951    0.616021   0.574948   0.574948 0.04354863  0.3656118     0.88175 0.02632884  0.0204361 1.132096e-06         -1        1  
