# T:          1         0        0      62500    17720     62500    11855 
# T:    1.95432         0        0      62500    17609     62500    15830 
# T:    3.81937         0        0      62500    17427     62500    22924 
# T:    7.46426         0        0      62500    17334     62500    25822 
# T:    14.5876         0        0      62500    17579     62500    26937 
# T:    28.5088         0        0      62500    17501     62500    26988 
# T:    55.7152         0        0      62500    18080     62500    29145 
# T:    108.885         0        0      62500    21754     62500    35057 
# T:    212.797         0        0      62500    29446     62500    41085 
# T:    415.873         0        0      62500    36550     62500    43601 
# T:    812.749         0        0      62500    38998     62500    42834 
# T:    1588.37         0        0      62500    38127     62500    40374 
# T:    3104.19         0        0      62500    34907     62500    37124 
# T:    6066.58         0        0      62500    31891     62500    35106 
# T:      11856         0        0      62500    28534     62500    33626 
# T:    23170.5         0        0      62500    26010 
