#  nT     T_hot    cold_rate  n_pi_eval  gen    n_try    n_acc    tvd_ndim   tvd_orth   tvd_refl   tvd_1d1   tvd_1dall     dmusq      ksd       edfs       sq_avg_q    sq_avg_p      T 
   16 3200.0000          1    16000     1000     1000      283   0.9460449    0.65425    0.65425  0.5696666  0.2727778    1.117384  0.2270678  0.1999269   0.013924         -1        1  
   16 3200.0000          1    32000     2000     2000      544    0.918457     0.6205     0.6205  0.4899444  0.2223611    1.069643  0.1592081  0.4618722   0.000576         -1        1  
   16 3200.0000          1    64000     4000     4000     1120   0.8891602     0.5755     0.5755  0.4249722  0.1588749    1.322752  0.1996543  0.5570606      9e-06         -1        1  
   16 3200.0000          1   128000     8000     8000     2263   0.8531465   0.536375   0.536375  0.3812222  0.1293403    1.212608  0.1852547  0.5315763   0.000441         -1        1  
   16 3200.0000          1   256000    16000    16000     4531   0.8280937   0.549125   0.549125  0.2787431   0.101302    1.419808   0.149373  0.4420444 9.264063e-05         -1        1  
   16 3200.0000          1   512000    32000    32000     9136    0.798877   0.557875   0.557875  0.1909757  0.0941232    1.593257  0.0910325  0.2378846    3.6e-05         -1        1  
   16 3200.0000          1  1024000    64000    64000    18132   0.7814121  0.5790781  0.5790781   0.207224 0.09412754    1.807163  0.1615593  0.2536952 0.0002057432         -1        1  
   16 3200.0000          1  2048000   128000   128000    35960    0.637377   0.432625   0.432625  0.1329904  0.0592283   0.8562964  0.1072624  0.1759071 5.278931e-05         -1        1  
   16 3200.0000          1  4096000   256000   256000    71490   0.5127578  0.3133281  0.3133281  0.1226337 0.02448528   0.3371846  0.1133802  0.1702696 4.194586e-05         -1        1  
   16 3200.0000          1  8192000   512000   512000   142800   0.4178945  0.2226426  0.2226426 0.09519835 0.03387837  0.07618529 0.09067512  0.1389019 1.495514e-05         -1        1  
   16 3200.0000          1 10000000   625000   625000   174269   0.3514681  0.1940624  0.1940624  0.1245051  0.0244866  0.06392392  0.1222288  0.1779412 2.808152e-05         -1        1  
