#  nT     T_hot    cold_rate  n_pi_eval  gen    n_try    n_acc    tvd_ndim   tvd_orth   tvd_refl   tvd_1d1   tvd_1dall     dmusq      ksd       edfs       sq_avg_q    sq_avg_p      T 
    6 32768.0000          1     6000     1000     1000      448        0.04       0.04 0.005000012  0.3615556  0.3615556  0.001568316 0.04374446 0.04023774     0.0001         -1        1  
    6 32768.0000          1    12000     2000     2000      878      0.0295     0.0295 0.01300001  0.2566668  0.2566668  0.0008461268 0.04204646 0.02923137   0.000676         -1        1  
    6 32768.0000          1    24000     4000     4000     1720  0.01975001      0.012 0.01925001  0.1839723  0.1839723  0.0001382584 0.01954646 0.01205835 0.00148225         -1        1  
    6 32768.0000          1    48000     8000     8000     3515    0.002875     0.0005 0.0006250119  0.1260695  0.1260695  1.189075e-07 0.008515246 0.0008404232 1.5625e-06         -1        1  
    6 32768.0000          1    96000    16000    16000     7091   0.0074375      0.003 0.003937512 0.09754166 0.09754166  7.330478e-06 0.006882863 0.00310414 6.201563e-05         -1        1  
    6 32768.0000          1   192000    32000    32000    14159  0.008000006    0.00675 0.007250012 0.07153124 0.07153124  4.536701e-05 0.01060785 0.006849062 0.00021025         -1        1  
    6 32768.0000          1   384000    64000    64000    28385  0.008828125 0.008828125 0.006187512  0.0511442  0.0511442  7.733639e-05 0.009759085 0.008829538 0.0001531406         -1        1  
    6 32768.0000          1   768000   128000   128000    56991  0.004468762 0.003078125 0.004468762 0.03332912 0.03332912  9.412188e-06 0.004968495 0.00309823 7.987891e-05         -1        1  
    6 32768.0000          1  1000002   166667   166667    74182  0.003639005 0.0006329987 0.003639005 0.02822463 0.02822463  4.125902e-07 0.002775772 0.0006905408 5.296907e-05         -1        1  
