# T:          1         0        0      38462    11505     38462    20864 
# T:        1.5         0        0      38462    11517     38462    22990 
# T:       2.25         0        0      38462    11498     38462    24916 
# T:      3.375         0        0      38462    11530     38462    26061 
# T:     5.0625         0        0      38462    11364     38462    26417 
# T:    7.59375         0        0      38462    11569     38462    26799 
# T:    11.3906         0        0      38462    11600     38462    26821 
# T:    17.0859         0        0      38462    11540     38462    26960 
# T:    25.6289         0        0      38462    11485     38462    27178 
# T:    38.4434         0        0      38462    11662     38462    26904 
# T:     57.665         0        0      38462    12021     38462    27707 
# T:    86.4976         0        0      38462    13654     38462    28612 
# T:    129.746         0        0      38462    16173     38462    30006 
# T:     194.62         0        0      38462    19386     38462    31533 
# T:    291.929         0        0      38462    22420     38462    32193 
# T:    437.894         0        0      38462    24472     38462    32774 
# T:    656.841         0        0      38462    25382     38462    32798 
# T:    985.261         0        0      38462    25173     38462    32496 
# T:    1477.89         0        0      38462    24828     38462    32204 
# T:    2216.84         0        0      38462    23669     38462    31476 
# T:    3325.26         0        0      38462    22644     38462    30955 
# T:    4987.89         0        0      38462    21358     38462    30496 
# T:    7481.83         0        0      38462    19993     38462    30071 
# T:    11222.7         0        0      38462    19042     38462    29762 
# T:    16834.1         0        0      38462    17844     38462    29119 
# T:    25251.2         0        0      38462    16958 
