#  nT     T_hot    cold_rate  n_pi_eval  gen    n_try    n_acc    tvd_ndim   tvd_orth   tvd_refl   tvd_1d1   tvd_1dall     dmusq      ksd       edfs       sq_avg_q    sq_avg_p      T 
    4 8192.0000          1     4000     1000     1000      355       0.422      0.285      0.285  0.5794445  0.3802223   0.4333175  0.2946699  0.4389608     0.0049         -1        1  
    4 8192.0000          1     8000     2000     2000      694      0.2265      0.069      0.069  0.4013334  0.2535834  0.09356961  0.1230932  0.2587516   0.001849         -1        1  
    4 8192.0000          1    16000     4000     4000     1418       0.215    0.10425    0.10425  0.3249445  0.1988057  0.03179971  0.1370678  0.3446376    4.9e-05         -1        1  
    4 8192.0000          1    32000     8000     8000     2892    0.166125   0.038875   0.038875  0.2195556  0.1478195  0.03923371  0.1079428  0.1984329 3.30625e-05         -1        1  
    4 8192.0000          1    64000    16000    16000     5775    0.129125   0.089375   0.089375  0.1580417  0.1039791  0.04850722 0.08827559  0.2204308 0.0001182656         -1        1  
    4 8192.0000          1   128000    32000    32000    11508   0.1134063  0.1051563  0.1051563   0.128441 0.09796187  0.06395745  0.1047626  0.2446368 5.909766e-05         -1        1  
    4 8192.0000          1   256000    64000    64000    23054  0.08803125 0.05973438 0.05973438 0.08547063 0.06246103  0.02451874 0.05578374  0.1464882 2.956641e-05         -1        1  
    4 8192.0000          1   512000   128000   128000    45957  0.04082813   0.031625   0.031625 0.05318403 0.03854381  0.007251911 0.03082379 0.08517178 9.689941e-07         -1        1  
    4 8192.0000          1  1000000   250000   250000    89424  0.03083199   0.022884   0.022884 0.04187778 0.02889156  0.002315916 0.00756538 0.02240116  8.464e-07         -1        1  
