# T:          1         0        0      62500    22236     62500    31874 
# T:    1.82344         0        0      62500    22474     62500    35289 
# T:    3.32495         0        0      62500    22342     62500    39637 
# T:    6.06287         0        0      62500    22216     62500    42762 
# T:    11.0553         0        0      62500    22771     62500    43958 
# T:    20.1587         0        0      62500    26633     62500    46600 
# T:    36.7583         0        0      62500    34168     62500    49871 
# T:    67.0268         0        0      62500    41086     62500    52667 
# T:     122.22         0        0      62500    44760     62500    53906 
# T:    222.861         0        0      62500    45380     62500    53647 
# T:    406.375         0        0      62500    44034     62500    52885 
# T:    741.002         0        0      62500    41405     62500    51499 
# T:    1351.18         0        0      62500    38251     62500    50227 
# T:     2463.8         0        0      62500    35097     62500    49086 
# T:     4492.6         0        0      62500    32227     62500    47997 
# T:       8192         0        0      62500    29864 
