#  nT     T_hot    cold_rate  n_pi_eval  gen    n_try    n_acc    tvd_ndim   tvd_orth   tvd_refl   tvd_1d1   tvd_1dall     dmusq      ksd       edfs       sq_avg_q    sq_avg_p      T 
    2 23170.4750          1     2000     1000     1000      440       0.182      0.182      0.182  0.4712223  0.4712223   0.4926401  0.1864755  0.6942334   0.003136         -1        1  
    2 23170.4750          1     4000     2000     2000      874      0.1735     0.0555     0.0555  0.3767777  0.3767777   0.2526894  0.1902535  0.5014598   0.000361         -1        1  
    2 23170.4750          1     8000     4000     4000     1777     0.13275    0.01175    0.01175  0.2650833  0.2650833  0.07501918 0.09832962  0.2764594   0.000144         -1        1  
    2 23170.4750          1    16000     8000     8000     3563    0.086125    0.07225    0.07225  0.1847222  0.1847222  0.01424823 0.07383543  0.1791835    1.6e-05         -1        1  
    2 23170.4750          1    32000    16000    16000     7094     0.06325    0.06325    0.06325  0.1376944  0.1376944  0.02786617 0.06421043  0.1663444   0.000484         -1        1  
    2 23170.4750          1    64000    32000    32000    14211     0.06925    0.06925    0.06925  0.1033125  0.1033125   0.0294034 0.06931197  0.1796619 0.0003925352         -1        1  
    2 23170.4750          1   128000    64000    64000    28615  0.04742188 0.02857812 0.02857812 0.07700689 0.07700689  5.507335e-05 0.02892601 0.07380546 0.0001189463         -1        1  
    2 23170.4750          1   256000   128000   128000    57090  0.01828907 0.01671094 0.01671094 0.04753205 0.04753205  0.0002258938 0.01677166 0.04175565 6.350098e-05         -1        1  
    2 23170.4750          1   512000   256000   256000   113817  0.01543751 0.005101562 0.005101562 0.03224094 0.03224094  0.0001758243 0.008343316 0.02339727 2.863922e-05         -1        1  
    2 23170.4750          1  1000000   500000   500000   222374  0.01250201   0.011186   0.011186 0.02570582 0.02570582  9.504236e-05 0.01120292 0.02279155 3.471566e-05         -1        1  
