# T:          1         0        0      62500    18914     62500    37781 
# T:     1.7411         0        0      62500    18871     62500    38287 
# T:    3.03143         0        0      62500    18821     62500    38030 
# T:    5.27803         0        0      62500    18765     62500    37968 
# T:    9.18959         0        0      62500    19286     62500    37946 
# T:         16         0        0      62500    20802     62500    39908 
# T:    27.8576         0        0      62500    24118     62500    42249 
# T:    48.5029         0        0      62500    27353     62500    43225 
# T:    84.4485         0        0      62500    28654     62500    42753 
# T:    147.033         0        0      62500    27701     62500    41996 
# T:        256         0        0      62500    26276     62500    40863 
# T:    445.722         0        0      62500    24805     62500    40378 
# T:    776.047         0        0      62500    23414     62500    39540 
# T:    1351.18         0        0      62500    22292     62500    39617 
# T:    2352.53         0        0      62500    21407     62500    38700 
# T:       4096         0        0      62500    20863 
