# /home/tomfy/mcmc_toy/src/mcmc_toy; 2; 1; 0.0; 1.0; 1.0; 1000000; 1; 1; 1; gaussian; 0.8121; 0.841457069611991; 0; 4; 360; 788189; mcmc; 1; 
# n_dimensions: 2 
# n_peaks: 1 
# peak 0; position,sigma,weight:  0.00000  1.00000  1.00000 
# target mean, variance:                0                1 
# burn-in, mcmc steps: 0 1000000 
# n temperatures: 1 
#  T, rate, Proposal(shape,W1,W2,p1):   1.00000  1.00000      gaussian  0.81210  0.84146  0.00000 
#  n_bins: 4 n_bins_1d: 360 
# seed: 788189  chain_type: mcmc neighbor_swap_only: 1 
    1000 0.02231463  0.0593797  0.1090603    0.05601  0.3566578  0.2566183 
    2000 0.01007007 0.04094732 0.07326222     0.0378   0.256385  0.1818089 
    4000 0.006102877 0.02978153 0.05511103  0.0273075  0.1809006  0.1287328 
    8000 0.003189196 0.02273422 0.04185678 0.01968125  0.1277742 0.09133028 
   16000 0.001502465  0.0148624   0.028003   0.013775  0.0905341 0.06457583 
   32000 0.000688517 0.01076385 0.01985885 0.009248438  0.0645308 0.04555919 
   64000 0.000348468 0.007612819 0.01382759  0.0066075 0.04564873 0.03218063 
  128000 0.0001883011 0.005307933 0.009846015 0.004997344 0.03213379 0.02274285 
  256000 9.561337e-05 0.004059933 0.007509185 0.003483242 0.02281572 0.01600621 
  512000 4.632202e-05 0.002906901 0.005299809 0.002471582 0.01618471 0.01143928 
 1000000 2.061148e-05 0.001948108 0.003510808 0.00175479 0.01151512 0.00812387 

# /home/tomfy/mcmc_toy/src/mcmc_toy; 2; 1; 0.0; 1.0; 1.0; 1000000; 1; 1; 1; gaussian; 0.8121; 1.00066673415192; 0; 4; 360; 961959; mcmc; 1; 
# n_dimensions: 2 
# n_peaks: 1 
# peak 0; position,sigma,weight:  0.00000  1.00000  1.00000 
# target mean, variance:                0                1 
# burn-in, mcmc steps: 0 1000000 
# n temperatures: 1 
#  T, rate, Proposal(shape,W1,W2,p1):   1.00000  1.00000      gaussian  0.81210  1.00067  0.00000 
#  n_bins: 4 n_bins_1d: 360 
# seed: 961959  chain_type: mcmc neighbor_swap_only: 1 
    1000 0.01778339 0.05767964  0.0980936    0.04872  0.3778822    0.27133 
    2000 0.01032725 0.04155293 0.07152999    0.03717  0.2716233  0.1927717 
    4000 0.005393533  0.0292941 0.05220162   0.028055  0.1920364   0.137355 
    8000 0.002715759 0.02104926 0.03703042  0.0193725  0.1369624 0.09747792 
   16000 0.001420921 0.01514178 0.02669648 0.01441625 0.09692069 0.06883597 
   32000 0.0006562891 0.01039199 0.01864198 0.00912125  0.0684525 0.04847153 
   64000 0.0003421672  0.0076361 0.01364766 0.006930781 0.04875955 0.03458137 
  128000 0.0001798215 0.005355227 0.009692961 0.005184297 0.03437424 0.02444189 
  256000 7.857649e-05 0.003803659 0.006735496 0.003427109 0.02433397 0.01723722 
  512000 4.424447e-05 0.002633881 0.004783639 0.002492617 0.01722274 0.01220797 
 1000000 1.932654e-05 0.001759834 0.003089557 0.00170165 0.01237317 0.008752539 

# /home/tomfy/mcmc_toy/src/mcmc_toy; 2; 1; 0.0; 1.0; 1.0; 1000000; 1; 1; 1; gaussian; 0.8121; 1.19; 0; 4; 360; 490439; mcmc; 1; 
# n_dimensions: 2 
# n_peaks: 1 
# peak 0; position,sigma,weight:  0.00000  1.00000  1.00000 
# target mean, variance:                0                1 
# burn-in, mcmc steps: 0 1000000 
# n temperatures: 1 
#  T, rate, Proposal(shape,W1,W2,p1):   1.00000  1.00000      gaussian  0.81210  1.19000  0.00000 
#  n_bins: 4 n_bins_1d: 360 
# seed: 490439  chain_type: mcmc neighbor_swap_only: 1 
    1000 0.01820861 0.05904669 0.09463028    0.05383  0.4074378  0.2949783 
    2000 0.008460567 0.04144281 0.06635429    0.03599  0.2945189  0.2087086 
    4000 0.004577582 0.02923728 0.04967687   0.025485  0.2085636  0.1488907 
    8000 0.001868791 0.01933806 0.03209719     0.0174  0.1487574  0.1057731 
   16000 0.001098754 0.01452059 0.02417926 0.01251187  0.1058876  0.0748908 
   32000 0.0004661085 0.01016072 0.01672752 0.008673125 0.07481399 0.05318127 
   64000 0.0002863193 0.007527927 0.01318951 0.006590781 0.05299241 0.03748576 
  128000 0.0001456673 0.005615042 0.009818208 0.004521562 0.03757404 0.02653088 
  256000 6.935676e-05 0.003727366 0.00635236 0.003068985 0.02662401 0.01870694 
  512000 3.721564e-05 0.002649307 0.004468943 0.002280723  0.0187735 0.01321332 
 1000000 1.9461e-05 0.001883046 0.003169431 0.00162748 0.01341805 0.00949944 

# /home/tomfy/mcmc_toy/src/mcmc_toy; 2; 1; 0.0; 1.0; 1.0; 1000000; 1; 1; 1; gaussian; 0.8121; 1.41515646685324; 0; 4; 360; 220825; mcmc; 1; 
# n_dimensions: 2 
# n_peaks: 1 
# peak 0; position,sigma,weight:  0.00000  1.00000  1.00000 
# target mean, variance:                0                1 
# burn-in, mcmc steps: 0 1000000 
# n temperatures: 1 
#  T, rate, Proposal(shape,W1,W2,p1):   1.00000  1.00000      gaussian  0.81210  1.41516  0.00000 
#  n_bins: 4 n_bins_1d: 360 
# seed: 220825  chain_type: mcmc neighbor_swap_only: 1 
    1000 0.01728606 0.06061776 0.09430977    0.05565  0.4443189    0.32245 
    2000 0.008987438 0.04388429 0.06776605     0.0422   0.320405    0.22944 
    4000 0.004227412 0.03141766 0.05099352  0.0286775  0.2295403  0.1640829 
    8000 0.002025558 0.02179618 0.03358694  0.0187375  0.1643264  0.1166887 
   16000 0.0009460915 0.01545639 0.02413904    0.01284  0.1172076 0.08251698 
   32000 0.0005372925 0.01117605 0.01746476 0.009545312 0.08294604 0.05852443 
   64000 0.0002637631 0.007599761 0.01180206 0.00656375  0.0584104 0.04117149 
  128000 0.0001142846 0.005334688 0.008282677 0.00429125 0.04158436 0.02903032 
  256000 6.264719e-05 0.004020182 0.006325614 0.003299375 0.02924694 0.02072078 
  512000 2.575207e-05 0.002643125 0.004149204 0.002122734 0.02070072 0.01463306 
 1000000 1.455925e-05 0.001984172 0.003078103 0.00165658 0.01482252 0.01046305 

# /home/tomfy/mcmc_toy/src/mcmc_toy; 2; 1; 0.0; 1.0; 1.0; 1000000; 1; 1; 1; gaussian; 0.8121; 1.68291413922398; 0; 4; 360; 158316; mcmc; 1; 
# n_dimensions: 2 
# n_peaks: 1 
# peak 0; position,sigma,weight:  0.00000  1.00000  1.00000 
# target mean, variance:                0                1 
# burn-in, mcmc steps: 0 1000000 
# n temperatures: 1 
#  T, rate, Proposal(shape,W1,W2,p1):   1.00000  1.00000      gaussian  0.81210  1.68291  0.00000 
#  n_bins: 4 n_bins_1d: 360 
# seed: 158316  chain_type: mcmc neighbor_swap_only: 1 
    1000 0.01605378 0.06372437 0.09712582     0.0556  0.4866956  0.3564328 
    2000 0.008590364 0.04851448 0.07285754    0.04006  0.3569489  0.2569914 
    4000 0.003752201   0.033533 0.04973954    0.02569  0.2585033  0.1838476 
    8000 0.001716222 0.02433964  0.0366419 0.01819375   0.182974   0.130319 
   16000 0.0008733687 0.01598737 0.02448164 0.01330375   0.129734 0.09254208 
   32000 0.0004052247 0.01185641 0.01787258    0.00919    0.09229 0.06590245 
   64000 0.0002142081 0.00805028 0.01243031 0.006638594 0.06520713 0.04617749 
  128000 0.0001080133 0.00570339 0.00883549 0.004789688 0.04580179 0.03261996 
  256000 4.868399e-05 0.004059405 0.006118945 0.003338281 0.03257348 0.02299504 
  512000 2.949222e-05 0.002907354 0.004445345 0.002281621 0.02302673 0.01627222 
 1000000 1.788988e-05 0.00208679 0.003252186 0.00169475 0.01654487 0.01173023 

# /home/tomfy/mcmc_toy/src/mcmc_toy; 2; 1; 0.0; 1.0; 1.0; 1000000; 1; 1; 1; gaussian; 0.8121; 2.00133346830384; 0; 4; 360; 881764; mcmc; 1; 
# n_dimensions: 2 
# n_peaks: 1 
# peak 0; position,sigma,weight:  0.00000  1.00000  1.00000 
# target mean, variance:                0                1 
# burn-in, mcmc steps: 0 1000000 
# n temperatures: 1 
#  T, rate, Proposal(shape,W1,W2,p1):   1.00000  1.00000      gaussian  0.81210  2.00133  0.00000 
#  n_bins: 4 n_bins_1d: 360 
# seed: 881764  chain_type: mcmc neighbor_swap_only: 1 
    1000 0.01571298 0.07485051  0.1043784    0.05679    0.53972  0.3996572 
    2000 0.007149481 0.05100026 0.06916273   0.040605  0.4024094  0.2888858 
    4000 0.003794669 0.03453867 0.05073283  0.0297425  0.2902325  0.2077561 
    8000 0.002249464   0.027068 0.03966367 0.02233125  0.2065974  0.1466102 
   16000 0.0009674069 0.01840825 0.02539163 0.01555312  0.1469051  0.1037741 
   32000 0.000434056 0.01311213 0.01853255 0.01009187  0.1034718 0.07314951 
   64000 0.0002462417 0.00880285 0.01317461 0.007124375  0.0737475 0.05191827 
  128000 0.0001325533 0.006287996 0.009171558 0.005034453 0.05188759  0.0366077 
  256000 6.917031e-05 0.004515205 0.006573805 0.003872969 0.03684204 0.02613491 
  512000 2.995003e-05 0.003201195 0.004621678 0.002726894 0.02604349 0.01845767 
 1000000 1.677724e-05 0.002334293 0.003318279 0.00202429 0.01866745 0.01327506 

# /home/tomfy/mcmc_toy/src/mcmc_toy; 2; 1; 0.0; 1.0; 1.0; 1000000; 1; 1; 1; gaussian; 0.8121; 2.38; 0; 4; 360; 380908; mcmc; 1; 
# n_dimensions: 2 
# n_peaks: 1 
# peak 0; position,sigma,weight:  0.00000  1.00000  1.00000 
# target mean, variance:                0                1 
# burn-in, mcmc steps: 0 1000000 
# n temperatures: 1 
#  T, rate, Proposal(shape,W1,W2,p1):   1.00000  1.00000      gaussian  0.81210  2.38000  0.00000 
#  n_bins: 4 n_bins_1d: 360 
# seed: 380908  chain_type: mcmc neighbor_swap_only: 1 
    1000 0.01434531 0.07795294   0.106191    0.06153  0.5960033  0.4532361 
    2000 0.007986295 0.05553758 0.07776781    0.04247  0.4522439  0.3289478 
    4000 0.004400621 0.04122752  0.0581946   0.032215  0.3295044  0.2353139 
    8000 0.002360549 0.02987121 0.04363255 0.02298625  0.2361558  0.1676678 
   16000 0.001197433  0.0213876  0.0308973  0.0169475  0.1678032  0.1190778 
   32000 0.0006237014 0.01505356 0.02145006 0.01234063  0.1199615 0.08410292 
   64000 0.0002935155 0.01025104 0.01458619 0.008565625 0.08485642 0.05974151 
  128000 0.0001325867 0.007223297 0.01039984 0.005758516 0.05982882 0.04212709 
  256000 6.660252e-05 0.005312966 0.007264422 0.004174609 0.04228019 0.02984703 
  512000 3.354356e-05 0.003686233 0.005266479 0.002935449 0.02986693 0.02100837 
 1000000 1.792362e-05 0.002680079 0.003809186 0.00217149 0.02126457 0.01507812 

# /home/tomfy/mcmc_toy/src/mcmc_toy; 2; 1; 0.0; 1.0; 1.0; 1000000; 1; 1; 1; gaussian; 0.8121; 2.83031293370647; 0; 4; 360; 655481; mcmc; 1; 
# n_dimensions: 2 
# n_peaks: 1 
# peak 0; position,sigma,weight:  0.00000  1.00000  1.00000 
# target mean, variance:                0                1 
# burn-in, mcmc steps: 0 1000000 
# n temperatures: 1 
#  T, rate, Proposal(shape,W1,W2,p1):   1.00000  1.00000      gaussian  0.81210  2.83031  0.00000 
#  n_bins: 4 n_bins_1d: 360 
# seed: 655481  chain_type: mcmc neighbor_swap_only: 1 
    1000 0.02272107  0.0963208  0.1354359    0.08104      0.657  0.5093928 
    2000  0.0111272 0.07045922  0.0939421   0.056485  0.5083233  0.3743383 
    4000 0.005440369  0.0485073 0.06633074  0.0392975  0.3754756   0.269914 
    8000 0.002481558 0.03297129 0.04526558  0.0251075  0.2720065   0.193334 
   16000 0.001317929 0.02372803 0.03288255 0.01870562  0.1943078    0.13755 
   32000 0.0006296877 0.01710119 0.02339728 0.01250656  0.1378507  0.0975039 
   64000 0.0002870147 0.01159337 0.01593587 0.008743906 0.09699337 0.06877696 
  128000 0.0001444616 0.008322348 0.01135786 0.006219141 0.06919279 0.04903891 
  256000 7.918983e-05 0.005937032 0.00807136 0.004390547 0.04897183  0.0347077 
  512000 3.867335e-05 0.003988321 0.005484335 0.003359492 0.03475956 0.02450859 
 1000000 2.342636e-05 0.002942962 0.004028988  0.0024093 0.02477301 0.01758454 

# /home/tomfy/mcmc_toy/src/mcmc_toy; 2; 1; 0.0; 1.0; 1.0; 1000000; 1; 1; 1; gaussian; 0.8121; 3.36582827844796; 0; 4; 360; 71584; mcmc; 1; 
# n_dimensions: 2 
# n_peaks: 1 
# peak 0; position,sigma,weight:  0.00000  1.00000  1.00000 
# target mean, variance:                0                1 
# burn-in, mcmc steps: 0 1000000 
# n temperatures: 1 
#  T, rate, Proposal(shape,W1,W2,p1):   1.00000  1.00000      gaussian  0.81210  3.36583  0.00000 
#  n_bins: 4 n_bins_1d: 360 
# seed: 71584  chain_type: mcmc neighbor_swap_only: 1 
    1000 0.02461258   0.107415  0.1463754    0.08725  0.7149056  0.5730322 
    2000 0.01269438 0.07731848  0.1055181   0.064255  0.5743722  0.4330686 
    4000 0.006436907 0.05361401 0.07334109  0.0450225  0.4332328  0.3150692 
    8000 0.003521459 0.03778537 0.05177995  0.0310425  0.3156665  0.2257362 
   16000  0.0015968 0.02766516 0.03753185 0.02174938  0.2259864  0.1605479 
   32000 0.000757351 0.01903308 0.02521093 0.01449969  0.1608015   0.114188 
   64000 0.000363796 0.01332998 0.01807692 0.01007734   0.114065 0.08058214 
  128000 0.0001840822 0.009437916 0.01285489 0.007110937 0.08039184 0.05684955 
  256000 9.885893e-05 0.006774956 0.009202018 0.005129375 0.05711587  0.0405426 
  512000 5.130836e-05 0.004868223 0.006521944 0.00380332  0.0402719 0.02844415 
 1000000 2.449017e-05 0.003483231 0.004595697 0.00265638 0.02885725 0.02049654 

# /home/tomfy/mcmc_toy/src/mcmc_toy; 2; 1; 0.0; 1.0; 1.0; 1000000; 1; 1; 1; gaussian; 0.8121; 4.00266693660768; 0; 4; 360; 108321; mcmc; 1; 
# n_dimensions: 2 
# n_peaks: 1 
# peak 0; position,sigma,weight:  0.00000  1.00000  1.00000 
# target mean, variance:                0                1 
# burn-in, mcmc steps: 0 1000000 
# n temperatures: 1 
#  T, rate, Proposal(shape,W1,W2,p1):   1.00000  1.00000      gaussian  0.81210  4.00267  0.00000 
#  n_bins: 4 n_bins_1d: 360 
# seed: 108321  chain_type: mcmc neighbor_swap_only: 1 
    1000 0.03428877  0.1258148  0.1652028    0.09324  0.7705211  0.6409089 
    2000 0.01628596 0.08585067  0.1163643   0.072345  0.6380744  0.4943606 
    4000 0.007814997 0.06089327 0.08139197  0.0468625  0.4927283   0.365449 
    8000 0.004016378 0.04411952 0.05847421 0.03439375  0.3616469  0.2626108 
   16000 0.002071481  0.0317759 0.04300471 0.02511375  0.2620531  0.1885734 
   32000 0.001250391 0.02318118 0.03129493 0.01820844  0.1879748  0.1342578 
   64000 0.0005987319 0.01641295  0.0217404 0.01278641  0.1331871 0.09466359 
  128000 0.0002660326 0.01144238 0.01478539 0.008643281 0.09445961 0.06696578 
  256000 0.0001145952 0.007996382  0.0104561 0.006248242 0.06699656 0.04726425 
  512000 6.46006e-05 0.005705656 0.007407344 0.00440543 0.04734168 0.03340941 
 1000000 2.80195e-05 0.003984001 0.005035639 0.00318798  0.0339567 0.02392039 

