#  nT     T_hot    cold_rate  n_pi_eval  gen    n_try    n_acc    tvd_ndim   tvd_orth   tvd_refl   tvd_1d1   tvd_1dall     dmusq      ksd       edfs       sq_avg_q    sq_avg_p      T 
    1    1.0000          1     1000     1000     1000      111       0.271      0.101       0.03  0.7571111  0.6413889  0.03474555  0.1075455  0.2037711   0.000256         -1        1  
    1    1.0000          1     2000     2000     2000      207       0.176      0.053     0.0245  0.6346111  0.5030833  0.01611104 0.07936556  0.1240715   0.000529         -1        1  
    1    1.0000          1     4000     4000     4000      399       0.144      0.049    0.05075      0.486  0.3787222  0.0003576088 0.05902942 0.05028544   0.009604         -1        1  
    1    1.0000          1     8000     8000     8000      798       0.095    0.02475   0.022875  0.3661111  0.2681389   0.0030155 0.06725268 0.06609145 0.00245025         -1        1  
    1    1.0000          1    16000    16000    16000     1661      0.0555  0.0254375      0.019  0.2575208  0.1935764  0.0006943308 0.02814307 0.03470128 0.002588266         -1        1  
    1    1.0000          1    32000    32000    32000     3294   0.0511875   0.017625 0.01665625  0.1983403   0.147026  0.001840064 0.03419498 0.04551873 0.001242562         -1        1  
    1    1.0000          1    64000    64000    64000     6712  0.04123437 0.01759375 0.01704688  0.1353368  0.1000382  0.00212377 0.02276066 0.03909435 0.0007155625         -1        1  
    1    1.0000          1   128000   128000   128000    13406  0.02503125 0.006523439 0.01385937 0.09406075 0.06650608  0.0002611624 0.01328409 0.02103774 1.373291e-06         -1        1  
    1    1.0000          1   256000   256000   256000    26962  0.01469531 0.002761717 0.004988281 0.06862283 0.04638954  0.0001853178 0.007341238 0.01665591 1.162354e-06         -1        1  
    1    1.0000          1   512000   512000   512000    54014  0.00913867 0.003119139 0.004402344 0.05002042 0.03460276  3.997883e-06 0.006165636 0.006251505 4.834595e-07         -1        1  
    1    1.0000          1  1000000  1000000  1000000   104995    0.007973 0.003820998 0.006102002 0.03499857 0.02409593  1.193708e-05 0.00528629 0.006629118 5.866084e-06         -1        1  
