#  nT     T_hot    cold_rate  n_pi_eval  gen    n_try    n_acc    tvd_ndim   tvd_orth   tvd_refl   tvd_1d1   tvd_1dall     dmusq      ksd       edfs       sq_avg_q    sq_avg_p      T 
    2 23170.4750          1     2000     1000     1000      362        0.75       0.75 0.06000001  0.6194444  0.3537778   0.5020253  0.5002999 0.02667368   0.011664         -1        1  
    2 23170.4750          1     4000     2000     2000      716        0.75       0.75      0.044      0.565  0.2553055   0.5004896  0.5002999 0.02598979   0.004624         -1        1  
    2 23170.4750          1     8000     4000     4000     1438        0.75       0.75 0.02249999  0.5141666  0.1786251    0.499158  0.5002999 0.02507468 0.00046225         -1        1  
    2 23170.4750          1    16000     8000     8000     2885    0.749875   0.749875    0.00825  0.5043194  0.1263404   0.4999931  0.5000533 0.02899099 0.00027225         -1        1  
    2 23170.4750          1    32000    16000    16000     5726   0.7499375  0.7499375  0.0070625  0.5003333 0.09006242   0.4997808  0.5000365 0.02947531 0.0001995156         -1        1  
    2 23170.4750          1    64000    32000    32000    11439   0.7499688  0.7499688 0.008281238        0.5 0.06538543   0.4995059  0.5000365 0.02949391 0.0001063477         -1        1  
    2 23170.4750          1   128000    64000    64000    22816   0.3432812  0.3432813 0.005718738  0.2849063 0.04648357   0.1761804  0.2849427   0.284884 7.119141e-05         -1        1  
    2 23170.4750          1   256000   128000   128000    45399  0.04664062 0.04664063 0.001953113 0.05481681 0.02962104  0.002974345 0.03791928 0.03792413 1.280298e-05         -1        1  
    2 23170.4750          1   512000   256000   256000    91273  0.07973828 0.07973828 0.002644531 0.07174651 0.04471525  0.005290796 0.07078614 0.07080147 2.797418e-05         -1        1  
    2 23170.4750          1  1000000   500000   500000   178605     0.15328    0.15328   0.002136    0.15328 0.04545775  0.02743761   0.153293   0.153278 1.79776e-05         -1        1  
