# /home/tomfy/mcmc_toy/src/mcmc_toy; 5; 1; 0.0; 1.0; 1.0; 1000000; 1; 1; 1; gaussian; 0.5995; 0.53218417864495; 0; 4; 360; 270170; mcmc; 1; 
# n_dimensions: 5 
# n_peaks: 1 
# peak 0; position,sigma,weight:  0.00000  1.00000  1.00000 
# target mean, variance:                0                1 
# burn-in, mcmc steps: 0 1000000 
# n temperatures: 1 
#  T, rate, Proposal(shape,W1,W2,p1):   1.00000  1.00000      gaussian  0.59950  0.53218  0.00000 
#  n_bins: 4 n_bins_1d: 360 
# seed: 270170  chain_type: mcmc neighbor_swap_only: 1 
    1000  0.1372695 0.07706005  0.1448237   0.197885  0.3755844   0.172002 
    2000 0.06225443 0.05390502  0.1064797   0.136135  0.2696872  0.1218931 
    4000 0.02860934 0.03976744 0.07417324  0.0954175  0.1898022 0.08596811 
    8000 0.01601095 0.03055959 0.05938462   0.068975  0.1358378 0.06077872 
   16000 0.008552262 0.02072747 0.04071664 0.04917063 0.09615604 0.04297897 
   32000 0.004331581 0.01424052 0.02758561 0.03536406 0.06785212 0.03026665 
   64000 0.002009507 0.009977775  0.0190481 0.02450984 0.04803814 0.02139069 
  128000 0.001056001 0.007509096 0.01463848 0.01720453 0.03419213 0.01516112 
  256000 0.0005491257 0.005095035 0.01009156 0.01230625 0.02412271 0.01077705 
  512000 0.0002718831 0.003850921 0.00767477 0.008818105 0.01712765 0.007626638 
 1000000 0.0001350074 0.002695404 0.005209458 0.00624384 0.01231768 0.005466026 

# /home/tomfy/mcmc_toy/src/mcmc_toy; 5; 1; 0.0; 1.0; 1.0; 1000000; 1; 1; 1; gaussian; 0.5995; 0.752622083120074; 0; 4; 360; 628164; mcmc; 1; 
# n_dimensions: 5 
# n_peaks: 1 
# peak 0; position,sigma,weight:  0.00000  1.00000  1.00000 
# target mean, variance:                0                1 
# burn-in, mcmc steps: 0 1000000 
# n temperatures: 1 
#  T, rate, Proposal(shape,W1,W2,p1):   1.00000  1.00000      gaussian  0.59950  0.75262  0.00000 
#  n_bins: 4 n_bins_1d: 360 
# seed: 628164  chain_type: mcmc neighbor_swap_only: 1 
    1000  0.0840032 0.07931879  0.1402792   0.173615    0.44059  0.2040047 
    2000 0.04600852 0.05529772  0.1003501  0.1248625  0.3185444  0.1452418 
    4000 0.02548313 0.04055737 0.07495089    0.09037  0.2266019  0.1021856 
    8000 0.01258817 0.02825574 0.05023161 0.06408375  0.1610714 0.07205928 
   16000 0.006308332 0.01985236 0.03582562 0.04579188  0.1139698 0.05128365 
   32000 0.003198706 0.01420208 0.02535232 0.03212656 0.08067532 0.03640379 
   64000 0.001526699 0.009912143 0.01790649 0.02312563 0.05709139 0.02573206 
  128000 0.0007861626 0.007455084 0.01356515 0.01597344 0.04038367 0.01815345 
  256000 0.000364782 0.004974256 0.008958111  0.0111102 0.02859745 0.01287717 
  512000 0.0001736356 0.003518485 0.006163267 0.007894023 0.02017936 0.009065517 
 1000000 8.933693e-05 0.00263281 0.004849874 0.00571956 0.01454911 0.006525352 

# /home/tomfy/mcmc_toy/src/mcmc_toy; 5; 1; 0.0; 1.0; 1.0; 1000000; 1; 1; 1; gaussian; 0.5995; 1.0643683572899; 0; 4; 360; 618986; mcmc; 1; 
# n_dimensions: 5 
# n_peaks: 1 
# peak 0; position,sigma,weight:  0.00000  1.00000  1.00000 
# target mean, variance:                0                1 
# burn-in, mcmc steps: 0 1000000 
# n temperatures: 1 
#  T, rate, Proposal(shape,W1,W2,p1):   1.00000  1.00000      gaussian  0.59950  1.06437  0.00000 
#  n_bins: 4 n_bins_1d: 360 
# seed: 618986  chain_type: mcmc neighbor_swap_only: 1 
    1000 0.07653793 0.08209951   0.132325    0.19957  0.5465456  0.2632211 
    2000 0.03870236 0.05909279 0.09539393    0.13831  0.4057822  0.1869318 
    4000 0.01774542   0.041783 0.06688592  0.0944475  0.2940064  0.1334002 
    8000 0.009559322 0.02797736 0.04358659  0.0692825  0.2096614 0.09445052 
   16000 0.005120618 0.02042093 0.03242595 0.04999875  0.1494778 0.06701324 
   32000 0.002759997 0.01506045 0.02460405 0.03527063  0.1053885 0.04765718 
   64000 0.001253634  0.0107992 0.01762058 0.02518641 0.07425233 0.03366963 
  128000 0.0005897448 0.007438012 0.01194655  0.0173125 0.05272515 0.02364774 
  256000 0.0002953575 0.005074392 0.008331921 0.01217844 0.03746152 0.01673247 
  512000 0.0001615757 0.003517293 0.005740099 0.008886758 0.02625836 0.01182873 
 1000000 8.076499e-05 0.002754234 0.004515176 0.00622212 0.01886407 0.008522703 

# /home/tomfy/mcmc_toy/src/mcmc_toy; 5; 1; 0.0; 1.0; 1.0; 1000000; 1; 1; 1; gaussian; 0.5995; 1.50524416624015; 0; 4; 360; 906980; mcmc; 1; 
# n_dimensions: 5 
# n_peaks: 1 
# peak 0; position,sigma,weight:  0.00000  1.00000  1.00000 
# target mean, variance:                0                1 
# burn-in, mcmc steps: 0 1000000 
# n temperatures: 1 
#  T, rate, Proposal(shape,W1,W2,p1):   1.00000  1.00000      gaussian  0.59950  1.50524  0.00000 
#  n_bins: 4 n_bins_1d: 360 
# seed: 906980  chain_type: mcmc neighbor_swap_only: 1 
    1000  0.1084371  0.1036357  0.1515929    0.26703  0.6954022  0.3723978 
    2000 0.05534892 0.07592833  0.1080675  0.1903025  0.5521128  0.2721943 
    4000 0.02658591 0.05351748 0.07806434   0.136315   0.416945  0.1970862 
    8000 0.01259475 0.03861435 0.05648777 0.09667375  0.3036285  0.1397739 
   16000 0.006281413 0.02718714 0.03943776 0.06739188  0.2171488 0.09909642 
   32000 0.002919417 0.01962214 0.02770989   0.048895  0.1547325 0.07029957 
   64000 0.001655233 0.01479344 0.02102017 0.03513953  0.1098509 0.04968542 
  128000 0.0007512163 0.01041284 0.01462239 0.02427164 0.07863423 0.03504495 
  256000 0.0003735188 0.007149131  0.0105657  0.0167693 0.05565073 0.02493139 
  512000 0.0001940544 0.004731252 0.007065599 0.01178494 0.03908673 0.01752093 
 1000000 0.00010151 0.003798006 0.005444385 0.00858501 0.02802063 0.01254432 

# /home/tomfy/mcmc_toy/src/mcmc_toy; 5; 1; 0.0; 1.0; 1.0; 1000000; 1; 1; 1; gaussian; 0.5995; 2.1287367145798; 0; 4; 360; 85120; mcmc; 1; 
# n_dimensions: 5 
# n_peaks: 1 
# peak 0; position,sigma,weight:  0.00000  1.00000  1.00000 
# target mean, variance:                0                1 
# burn-in, mcmc steps: 0 1000000 
# n temperatures: 1 
#  T, rate, Proposal(shape,W1,W2,p1):   1.00000  1.00000      gaussian  0.59950  2.12874  0.00000 
#  n_bins: 4 n_bins_1d: 360 
# seed: 85120  chain_type: mcmc neighbor_swap_only: 1 
    1000  0.1794805  0.1647407  0.2246374   0.418205  0.8502367   0.570838 
    2000 0.08994387  0.1261185  0.1663032   0.317015  0.7485906  0.4397744 
    4000 0.04961607 0.09018754  0.1214072    0.22564  0.6154428  0.3245652 
    8000 0.02239547 0.06187607 0.08352387  0.1579487  0.4759733  0.2350224 
   16000 0.01192271  0.0458353  0.0610627  0.1132875  0.3552416  0.1678903 
   32000 0.005952273  0.0317703 0.04177409 0.08070781  0.2603006  0.1197786 
   64000 0.003064641 0.02310073 0.03018389 0.05780078  0.1880003 0.08541136 
  128000 0.001426284 0.01625531 0.02118437   0.041035  0.1340087 0.06013802 
  256000 0.0006923883  0.0112013 0.01427435 0.02832656 0.09468757  0.0429449 
  512000 0.0003464678 0.007947632 0.01050741 0.02007316 0.06678969 0.03009294 
 1000000 0.0001777458 0.005579789 0.007269619 0.01455676 0.04790951 0.02150428 

