#  nT     T_hot    cold_rate  n_pi_eval  gen    n_try    n_acc    tvd_ndim   tvd_orth   tvd_refl   tvd_1d1   tvd_1dall     dmusq      ksd       edfs       sq_avg_q    sq_avg_p      T 
    1    1.0000          1     1000     1000     1000       68   0.9345703    0.39175      0.398  0.8377778  0.5658222   0.0564104  0.1062119  0.1493876   0.003844         -1        1  
    1    1.0000          1     2000     2000     2000      122   0.8899844     0.3005      0.354  0.7572778  0.4438222   0.0415589 0.07052791  0.1082619   0.000529         -1        1  
    1    1.0000          1     4000     4000     4000      230   0.8191875     0.2145      0.238  0.6466111     0.3573  0.02393605 0.06234383 0.07938242 0.01334025         -1        1  
    1    1.0000          1     8000     8000     8000      474   0.6950547   0.148375    0.15625  0.4902639  0.2329528  0.01568967 0.06396216 0.07487757   2.25e-06         -1        1  
    1    1.0000          1    16000    16000    16000      950   0.5583594    0.10575      0.114  0.3725417  0.1639569  0.001060089 0.03668604 0.03764987 0.0003753906         -1        1  
    1    1.0000          1    32000    32000    32000     2040   0.4122188  0.0819375    0.08225      0.267  0.1138771   0.0024096 0.01555373 0.02459717 0.0004279727         -1        1  
    1    1.0000          1    64000    64000    64000     3935   0.3157891 0.05046875    0.06025  0.1980642 0.09023158  0.001230281 0.01699374 0.02490946 0.0002954102         -1        1  
    1    1.0000          1   128000   128000   128000     7894   0.2198516  0.0380625 0.04251563  0.1375243 0.06072741  0.001548615 0.01646618 0.02785193 1.429785e-05         -1        1  
    1    1.0000          1   256000   256000   256000    15882   0.1621172 0.02758594 0.03176953 0.09707292 0.04675068  0.0004949725  0.0184014 0.02166783 0.0001355042         -1        1  
    1    1.0000          1   512000   512000   512000    32079   0.1137402 0.01935547 0.02356836  0.0648622 0.03100443  0.0002945029 0.01229007 0.01566323 1.053712e-05         -1        1  
    1    1.0000          1  1000000  1000000  1000000    62809  0.08143638   0.016129   0.014626 0.04822266 0.02275456  0.0003039178 0.005246624 0.008434454 0.0001058841         -1        1  
