#  nT     T_hot    cold_rate  n_pi_eval  gen    n_try    n_acc    tvd_ndim   tvd_orth   tvd_refl   tvd_1d1   tvd_1dall     dmusq      ksd       edfs       sq_avg_q    sq_avg_p      T 
    6 32768.0000          1     6000     1000     1000      274   0.9994965   0.984375   0.984375  0.6694445   0.337125    4.828215  0.4924525 0.02392722   0.000576         -1        1  
    6 32768.0000          1    12000     2000     2000      526   0.9993896   0.984375   0.984375  0.5775555  0.2878403    4.855527  0.4924525 0.02594002      1e-06         -1        1  
    6 32768.0000          1    24000     4000     4000     1092    0.999176   0.984125   0.984125  0.5241389  0.2568611     4.87076  0.4924525 0.02870974   2.25e-06         -1        1  
    6 32768.0000          1    48000     8000     8000     2102   0.9990845   0.984125   0.984125  0.5047639  0.2483854    4.875506  0.4924502 0.02916381    8.1e-05         -1        1  
    6 32768.0000          1    96000    16000    16000     4227    0.998703  0.9791562  0.9791562  0.4871875  0.2423481    4.834891  0.4813144  0.8812381 8.265625e-06         -1        1  
    6 32768.0000          1   192000    32000    32000     8404   0.9983368     0.9795     0.9795  0.4861667  0.2427374    4.853282  0.4865644  0.8029252 2.437891e-05         -1        1  
    6 32768.0000          1   384000    64000    64000    17070   0.9980469  0.9806094  0.9806094  0.4883229  0.2433429    4.853811  0.4887206  0.8098441 1.779785e-05         -1        1  
    6 32768.0000          1   768000   128000   128000    34278   0.9932572  0.9428047  0.9428047  0.4868698  0.1292415    2.683843  0.4872675  0.7665495 6.677954e-05         -1        1  
    6 32768.0000          1  1000002   166667   166667    44735   0.9921679  0.9387253  0.9387253  0.4556427  0.1409294    1.988008  0.4560404  0.8162906 1.861052e-05         -1        1  
