# /home/tomfy/mcmc_toy/src/mcmc_toy; 1; 1; 0.0; 1.0; 1.0; 1000000; 1; 1; 1; gaussian; 1; 1.19; 0; 4; 360; 327735; mcmc; 1; 
# n_dimensions: 1 
# n_peaks: 1 
# peak 0; position,sigma,weight:  0.00000  1.00000  1.00000 
# target mean, variance:                0                1 
# burn-in, mcmc steps: 0 1000000 
# n temperatures: 1 
#  T, rate, Proposal(shape,W1,W2,p1):   1.00000  1.00000      gaussian  1.00000  1.19000  0.00000 
#  n_bins: 4 n_bins_1d: 360 
# seed: 327735  chain_type: mcmc neighbor_swap_only: 1 
    1000 0.006224206   0.050634 0.08512563     0.0241  0.3373055  0.3373055 
    2000 0.002584121 0.03374552 0.05915768    0.01636  0.2425161  0.2425161 
    4000 0.001376958 0.02419823 0.04228704   0.013285  0.1711236  0.1711236 
    8000 0.0005904381 0.01700929 0.02790404 0.00859625  0.1217308  0.1217308 
   16000 0.0003271852 0.01240068 0.02026257 0.00620125 0.08593521 0.08593521 
   32000 0.0001741885 0.008567727 0.01474216 0.004519375 0.06050031 0.06050031 
   64000 8.47134e-05 0.00589152 0.01042697 0.002917812 0.04278615 0.04278615 
  128000 4.387671e-05 0.004311867 0.007340029 0.002309765 0.03045002 0.03045002 
  256000 2.348867e-05 0.003170388 0.005222918  0.0016025 0.02154782 0.02154782 
  512000 1.173566e-05 0.002151078 0.003726318 0.001004863 0.01525049 0.01525049 
 1000000 6.308514e-06 0.001536254 0.002737056 0.00078635 0.01083114 0.01083114 

# /home/tomfy/mcmc_toy/src/mcmc_toy; 1; 1; 0.0; 1.0; 1.0; 1000000; 1; 1; 1; gaussian; 1; 1.68291413922398; 0; 4; 360; 826289; mcmc; 1; 
# n_dimensions: 1 
# n_peaks: 1 
# peak 0; position,sigma,weight:  0.00000  1.00000  1.00000 
# target mean, variance:                0                1 
# burn-in, mcmc steps: 0 1000000 
# n temperatures: 1 
#  T, rate, Proposal(shape,W1,W2,p1):   1.00000  1.00000      gaussian  1.00000  1.68291  0.00000 
#  n_bins: 4 n_bins_1d: 360 
# seed: 826289  chain_type: mcmc neighbor_swap_only: 1 
    1000 0.003829962   0.047202   0.074047    0.02352    0.38221    0.38221 
    2000 0.001877049   0.034925 0.05197141   0.017325  0.2738772  0.2738772 
    4000 0.001121111  0.0246464 0.03876993    0.01108  0.1941681  0.1941681 
    8000 0.0005951982 0.01776566   0.027922   0.008225  0.1372946  0.1372946 
   16000 0.0002837439 0.01217988 0.01957754 0.00568625 0.09734341 0.09734341 
   32000 0.0001617033 0.008946703 0.01439743   0.004705 0.06844052 0.06844052 
   64000 7.889196e-05 0.006271304 0.01011617 0.003250469 0.04860835 0.04860835 
  128000 3.611199e-05 0.004461878 0.006936511 0.002311485 0.03414872 0.03414872 
  256000 1.484187e-05 0.003179221 0.004919441 0.001525781 0.02420144 0.02420144 
  512000 8.922163e-06 0.002227307 0.003455954 0.001068321 0.01712269 0.01712269 
 1000000 5.375493e-06 0.001686431 0.002717552 0.0007990801 0.01231311 0.01231311 

# /home/tomfy/mcmc_toy/src/mcmc_toy; 1; 1; 0.0; 1.0; 1.0; 1000000; 1; 1; 1; gaussian; 1; 2.38; 0; 4; 360; 738775; mcmc; 1; 
# n_dimensions: 1 
# n_peaks: 1 
# peak 0; position,sigma,weight:  0.00000  1.00000  1.00000 
# target mean, variance:                0                1 
# burn-in, mcmc steps: 0 1000000 
# n temperatures: 1 
#  T, rate, Proposal(shape,W1,W2,p1):   1.00000  1.00000      gaussian  1.00000  2.38000  0.00000 
#  n_bins: 4 n_bins_1d: 360 
# seed: 738775  chain_type: mcmc neighbor_swap_only: 1 
    1000 0.003650064 0.05232283 0.07669964    0.02335  0.4321656  0.4321656 
    2000 0.002291773 0.03799663 0.05764582    0.01767  0.3136944  0.3136944 
    4000 0.00114976 0.02730461 0.04093993    0.01372  0.2231336  0.2231336 
    8000 0.0006124989  0.0199338 0.02956993  0.0100775  0.1588629  0.1588629 
   16000 0.0002598246 0.01371945 0.02044725  0.0060825  0.1119251  0.1119251 
   32000 0.0001374675 0.009960737 0.01477187 0.004424375 0.07932951 0.07932951 
   64000 8.438907e-05 0.006816116 0.01051915 0.003042969  0.0561122  0.0561122 
  128000 3.944394e-05 0.004815423 0.007472359 0.002104062 0.03954699 0.03954699 
  256000 2.005891e-05 0.003443643 0.005322468 0.001561718  0.0281373  0.0281373 
  512000 9.729466e-06 0.002573063 0.00386819 0.001166894 0.01991254 0.01991254 
 1000000 4.748563e-06 0.001731863  0.0026185 0.0008709999 0.01425895 0.01425895 

# /home/tomfy/mcmc_toy/src/mcmc_toy; 1; 1; 0.0; 1.0; 1.0; 1000000; 1; 1; 1; gaussian; 1; 3.36582827844797; 0; 4; 360; 698656; mcmc; 1; 
# n_dimensions: 1 
# n_peaks: 1 
# peak 0; position,sigma,weight:  0.00000  1.00000  1.00000 
# target mean, variance:                0                1 
# burn-in, mcmc steps: 0 1000000 
# n temperatures: 1 
#  T, rate, Proposal(shape,W1,W2,p1):   1.00000  1.00000      gaussian  1.00000  3.36583  0.00000 
#  n_bins: 4 n_bins_1d: 360 
# seed: 698656  chain_type: mcmc neighbor_swap_only: 1 
    1000 0.004374398 0.05999719 0.08495927    0.02807  0.4992467  0.4992467 
    2000 0.00256778 0.04475757 0.06337446    0.02152  0.3654094  0.3654094 
    4000 0.001143778 0.03103788 0.04492789   0.014425  0.2604725  0.2604725 
    8000 0.0004896565 0.02187683 0.03103333 0.00939875    0.18601    0.18601 
   16000 0.0002160385 0.01481686 0.02131675 0.006064375  0.1322123  0.1322123 
   32000 0.0001287499 0.01079988 0.01530342 0.00478375 0.09353445 0.09353445 
   64000 6.70064e-05 0.008024589 0.01122665 0.003666094 0.06662403 0.06662403 
  128000 3.999394e-05 0.005720968 0.00816174 0.002611953 0.04701682 0.04701682 
  256000 2.086823e-05 0.003981753 0.005751208 0.001879219 0.03337887 0.03337887 
  512000 1.164497e-05 0.002914418 0.004314732 0.001457813 0.02367463 0.02367463 
 1000000 4.455692e-06 0.002017373 0.002890037 0.0009890903 0.01689672 0.01689672 

# /home/tomfy/mcmc_toy/src/mcmc_toy; 1; 1; 0.0; 1.0; 1.0; 1000000; 1; 1; 1; gaussian; 1; 4.76; 0; 4; 360; 879345; mcmc; 1; 
# n_dimensions: 1 
# n_peaks: 1 
# peak 0; position,sigma,weight:  0.00000  1.00000  1.00000 
# target mean, variance:                0                1 
# burn-in, mcmc steps: 0 1000000 
# n temperatures: 1 
#  T, rate, Proposal(shape,W1,W2,p1):   1.00000  1.00000      gaussian  1.00000  4.76000  0.00000 
#  n_bins: 4 n_bins_1d: 360 
# seed: 879345  chain_type: mcmc neighbor_swap_only: 1 
    1000 0.006785606 0.07244354 0.09964723    0.03355  0.5747044  0.5747044 
    2000 0.00308086 0.05178834 0.06954581   0.026275  0.4302111  0.4302111 
    4000 0.00166645  0.0374169 0.05132677   0.018855  0.3128003  0.3128003 
    8000 0.0006584387 0.02575121 0.03520097 0.01118375  0.2243829  0.2243829 
   16000 0.0004194396 0.01806952 0.02523575 0.008168125  0.1582656  0.1582656 
   32000 0.0002213951 0.01329933 0.01876747 0.005978438  0.1122603  0.1122603 
   64000 0.0001005181 0.009234186 0.01308229 0.004257813 0.07904436 0.07904436 
  128000 4.607634e-05 0.006712604 0.009382649 0.003199063  0.0561951  0.0561951 
  256000 2.674487e-05 0.004840059 0.006944161 0.002296524 0.03973487 0.03973487 
  512000 1.385592e-05 0.003378965 0.004703533 0.001584356 0.02819815 0.02819815 
 1000000 7.00143e-06 0.002504099 0.003403052 0.00115079 0.02022019 0.02022019 

