#  nT     T_hot    cold_rate  n_pi_eval  gen    n_try    n_acc    tvd_ndim   tvd_orth   tvd_refl   tvd_1d1   tvd_1dall     dmusq      ksd       edfs       sq_avg_q    sq_avg_p      T 
    1    1.0000          1     1000     1000     1000      265       0.018      0.015      0.018  0.5727778  0.5727778  0.0002225432 0.03867797 0.06239707     0.0009         -1        1  
    1    1.0000          1     2000     2000     2000      529      0.0245      0.015 0.002500002      0.428      0.428  0.0009257072 0.03988903 0.04554503     0.0009         -1        1  
    1    1.0000          1     4000     4000     4000     1044        0.03 0.001749998    0.01225  0.3137778  0.3137778  0.002691568 0.03213515 0.05199471  1.225e-05         -1        1  
    1    1.0000          1     8000     8000     8000     2028      0.0205 0.002124998   0.012375  0.2247639  0.2247639  0.0002756483 0.01907909 0.02097692 1.80625e-05         -1        1  
    1    1.0000          1    16000    16000    16000     4012   0.0104375  0.0104375 0.003312502  0.1600278  0.1600278  0.0003118797 0.01421824 0.02061235 0.0004357656         -1        1  
    1    1.0000          1    32000    32000    32000     8028  0.01553125 0.004656248 0.006500002  0.1164028  0.1164028  0.0005011534 0.01835877  0.0287858 8.672266e-05         -1        1  
    1    1.0000          1    64000    64000    64000    16025  0.008265625 0.001843748 0.007125002 0.08018577 0.08018577  5.177238e-05 0.01075175 0.01250292 1.359766e-05         -1        1  
    1    1.0000          1   128000   128000   128000    32357  0.006453127 0.001429686 0.002148439 0.05865625 0.05865625  2.179339e-05 0.005901701 0.007484018 8.176025e-06         -1        1  
    1    1.0000          1   256000   256000   256000    65009  0.003929689 0.0006015644 0.003777345 0.03932771 0.03932771  2.209935e-06 0.003832817 0.004727358 1.44751e-06         -1        1  
    1    1.0000          1   512000   512000   512000   129936  0.002087891 0.001925779 0.001039064 0.02863021 0.02863021  1.601021e-05 0.002930923 0.004319485 1.483453e-05         -1        1  
    1    1.0000          1  1000000  1000000  1000000   253362  0.002027002 0.0003249981 0.0002259983 0.02081413 0.02081413  5.746453e-07 0.001582882 0.002628442  4.225e-07         -1        1  
