#  nT     T_hot    cold_rate  n_pi_eval  gen    n_try    n_acc    tvd_ndim   tvd_orth   tvd_refl   tvd_1d1   tvd_1dall     dmusq      ksd       edfs       sq_avg_q    sq_avg_p      T 
    2 23170.4750          1     2000     1000     1000      311       0.875      0.875       0.11  0.6302223   0.342889   0.7496916  0.5003811 0.02505539   0.001156         -1        1  
    2 23170.4750          1     4000     2000     2000      629       0.875      0.875      0.025   0.565389  0.2668889   0.7513282  0.5003811 0.02491753     0.0025         -1        1  
    2 23170.4750          1     8000     4000     4000     1255       0.875      0.875    0.02175  0.5252778  0.2064167   0.7503261  0.5003811 0.02524254   0.000169         -1        1  
    2 23170.4750          1    16000     8000     8000     2522       0.875      0.875   0.038875  0.5061112  0.1828055   0.7496779  0.5003811 0.02482874 0.00018225         -1        1  
    2 23170.4750          1    32000    16000    16000     5086       0.875      0.875  0.0193125  0.5000278  0.1726042   0.7495229  0.5000492 0.02887802 0.00011025         -1        1  
    2 23170.4750          1    64000    32000    32000    10169       0.875      0.875 0.01156251        0.5  0.1670902   0.7500627  0.5000492 0.02921846 6.103516e-05         -1        1  
    2 23170.4750          1   128000    64000    64000    20341       0.875      0.875 0.01323439        0.5  0.1666667    0.750268  0.5000722 0.02919634 1.07666e-05         -1        1  
    2 23170.4750          1   256000   128000   128000    40895       0.875      0.875 0.007765625        0.5  0.1666667   0.7502114  0.5000518 0.02942484 8.906494e-06         -1        1  
    2 23170.4750          1   512000   256000   256000    82001       0.875      0.875 0.008824219        0.5  0.1666667   0.7498899  0.5000296  0.0309119 1.914063e-07         -1        1  
    2 23170.4750          1  1000000   500000   500000   159860       0.875      0.875 0.002258006        0.5  0.1666667   0.7500448  0.5000094 0.03443055 7.772944e-06         -1        1  
