# T:          1         0        0      62500    20070     62500    37249 
# T:    1.95432         0        0      62500    20077     62500    37545 
# T:    3.81937         0        0      62500    19907     62500    37206 
# T:    7.46426         0        0      62500    20130     62500    36835 
# T:    14.5876         0        0      62500    19999     62500    37563 
# T:    28.5088         0        0      62500    19996     62500    37149 
# T:    55.7152         0        0      62500    20924     62500    38711 
# T:    108.885         0        0      62500    26315     62500    42977 
# T:    212.797         0        0      62500    34990     62500    47886 
# T:    415.873         0        0      62500    41402     62500    49920 
# T:    812.749         0        0      62500    43200     62500    49691 
# T:    1588.37         0        0      62500    41845     62500    48072 
# T:    3104.19         0        0      62500    38547     62500    46119 
# T:    6066.58         0        0      62500    35386     62500    44177 
# T:      11856         0        0      62500    31509     62500    42740 
# T:    23170.5         0        0      62500    29023 
