# T:          1         0        0      90910    32397     90910    30395 
# T:          3         0        0      90910    32551     90910    42208 
# T:          9         0        0      90910    32524     90910    45114 
# T:         27         0        0      90910    32276     90910    45865 
# T:         81         0        0      90910    38522     90910    53674 
# T:        243         0        0      90910    58602     90910    66250 
# T:        729         0        0      90910    66514     90910    68258 
# T:       2187         0        0      90910    62309     90910    63458 
# T:       6561         0        0      90910    54418     90910    57543 
# T:      19683         0        0      90910    46463     90910    52844 
# T:      59049         0        0      90910    40682 
