# T:          1         0        0      62500    20101     62500    36553 
# T:          2         0        0      62500    19781     62500    36645 
# T:          4         0        0      62500    20151     62500    36593 
# T:          8         0        0      62500    20029     62500    36063 
# T:         16         0        0      62500    19950     62500    36393 
# T:         32         0        0      62500    20049     62500    36311 
# T:         64         0        0      62500    20288     62500    36618 
# T:        128         0        0      62500    21746     62500    38287 
# T:        256         0        0      62500    26260     62500    41233 
# T:        512         0        0      62500    29566     62500    42224 
# T:       1024         0        0      62500    29480     62500    41143 
# T:       2048         0        0      62500    27670     62500    40153 
# T:       4096         0        0      62500    25452     62500    39096 
# T:       8192         0        0      62500    24308     62500    38339 
# T:      16384         0        0      62500    22943     62500    38000 
# T:      32768         0        0      62500    22093 
