#  nT     T_hot    cold_rate  n_pi_eval  gen    n_try    n_acc    tvd_ndim   tvd_orth   tvd_refl   tvd_1d1   tvd_1dall     dmusq      ksd       edfs       sq_avg_q    sq_avg_p      T 
    6 32768.0000          1     6000     1000     1000      453       0.084      0.058      0.058  0.3891111  0.3891111  0.03148074 0.08422023  0.1807825     0.0025         -1        1  
    6 32768.0000          1    12000     2000     2000      879       0.088     0.0685     0.0685  0.3016111  0.3016111  0.03557922 0.08997274  0.1900439   0.000729         -1        1  
    6 32768.0000          1    24000     4000     4000     1775     0.06175    0.05175    0.05175  0.2119445  0.2119445  0.02572263 0.06628704  0.1611864      1e-06         -1        1  
    6 32768.0000          1    48000     8000     8000     3544      0.0795     0.0795     0.0795   0.159375   0.159375  0.02881939 0.08228446  0.1701399      9e-06         -1        1  
    6 32768.0000          1    96000    16000    16000     7081   0.0434375  0.0434375  0.0434375  0.1079445  0.1079445  0.00495626  0.0449164 0.07614188          0         -1        1  
    6 32768.0000          1   192000    32000    32000    14165  0.03128125 0.03128125 0.03128125 0.07586107 0.07586107  0.00170874  0.0322758 0.05030244 4.253906e-06         -1        1  
    6 32768.0000          1   384000    64000    64000    28368  0.01482813 0.01482813 0.01482813 0.05464063 0.05464063  0.0001032298 0.01508073 0.02386614 1.650391e-05         -1        1  
    6 32768.0000          1   768000   128000   128000    56675  0.008429691 0.008429691 0.008429691 0.03515802 0.03515802  3.864665e-05 0.009053631 0.01297384 2.124634e-05         -1        1  
    6 32768.0000          1  1000002   166667   166667    73826  0.006766487 0.004460995 0.004460995  0.0314344  0.0314344  3.589191e-06 0.005046011 0.01075027 1.902697e-05         -1        1  
