#  nT     T_hot    cold_rate  n_pi_eval  gen    n_try    n_acc    tvd_ndim   tvd_orth   tvd_refl   tvd_1d1   tvd_1dall     dmusq      ksd       edfs       sq_avg_q    sq_avg_p      T 
    6 32768.0000          1     6000     1000     1000      318   0.8901563      0.796      0.796      0.605  0.3624168     1.48773  0.2045345  0.3881578   0.011664         -1        1  
    6 32768.0000          1    12000     2000     2000      605   0.8550625     0.7365     0.7365  0.4592222  0.2904722    1.218959  0.1259708  0.2375721   0.018769         -1        1  
    6 32768.0000          1    24000     4000     4000     1158   0.8178438     0.7025     0.7025  0.3910555  0.2675138   0.8172776  0.2137899  0.4305863       0.01         -1        1  
    6 32768.0000          1    48000     8000     8000     2344   0.8285313    0.72325    0.72325  0.3855139   0.268243    1.008403  0.3376919  0.5953936 0.002139062         -1        1  
    6 32768.0000          1    96000    16000    16000     4803    0.739875   0.657375   0.657375   0.273382   0.175191   0.2503039  0.2257398  0.4203164 0.001491891         -1        1  
    6 32768.0000          1   192000    32000    32000     9597     0.67075   0.530375   0.530375  0.1477534  0.1684331   0.1149256    0.10292  0.1368138 7.119141e-05         -1        1  
    6 32768.0000          1   384000    64000    64000    19066   0.6064687  0.4348125  0.4348125  0.1147569   0.146253    0.243883 0.07135364  0.1393327 3.713379e-05         -1        1  
    6 32768.0000          1   768000   128000   128000    38424   0.4467422   0.289375   0.289375  0.1500625 0.07391168  0.07707386 0.09708146   0.170496 4.992432e-06         -1        1  
    6 32768.0000          1  1000002   166667   166667    50037   0.4121066  0.2385625  0.2385625  0.1037448 0.07858087  0.07794167 0.07589262  0.1176563 6.368015e-07         -1        1  
