# T:          1         0        0      31250     9414     31250    23627 
# T:    1.38294         0        0      31250     9299     31250    23865 
# T:    1.91253         0        0      31250     9362     31250    23787 
# T:    2.64492         0        0      31250     9356     31250    23725 
# T:    3.65778         0        0      31250     9340     31250    23883 
# T:     5.0585         0        0      31250     9217     31250    23705 
# T:    6.99562         0        0      31250     9388     31250    23686 
# T:    9.67454         0        0      31250     9313     31250    23869 
# T:    13.3793         0        0      31250     9406     31250    23778 
# T:    18.5029         0        0      31250     9331     31250    23772 
# T:    25.5884         0        0      31250     9388     31250    23627 
# T:    35.3873         0        0      31250     9323     31250    23875 
# T:    48.9387         0        0      31250     9330     31250    23748 
# T:    67.6794         0        0      31250     9478     31250    23754 
# T:    93.5968         0        0      31250     9550     31250    24099 
# T:    129.439         0        0      31250    10103     31250    24254 
# T:    179.007         0        0      31250    10958     31250    24573 
# T:    247.556         0        0      31250    12161     31250    25097 
# T:    342.356         0        0      31250    12867     31250    25179 
# T:    473.459         0        0      31250    13831     31250    25417 
# T:    654.767         0        0      31250    14256     31250    25370 
# T:    905.506         0        0      31250    14070     31250    25281 
# T:    1252.26         0        0      31250    14073     31250    25191 
# T:    1731.81         0        0      31250    13420     31250    25023 
# T:    2394.99         0        0      31250    12789     31250    24958 
# T:    3312.14         0        0      31250    12506     31250    24772 
# T:     4580.5         0        0      31250    12063     31250    24562 
# T:    6334.58         0        0      31250    11692     31250    24367 
# T:    8760.36         0        0      31250    11381     31250    24332 
# T:    12115.1         0        0      31250    10923     31250    24218 
# T:    16754.5         0        0      31250    10808     31250    24054 
# T:    23170.5         0        0      31250    10463 
