# T:          1         0        0     312500    86869    312500   207364 
# T:     1.2596         0        0     312500    87018    312500   207650 
# T:    1.58659         0        0     312500    87220    312500   210115 
# T:    1.99847         0        0     312500    87480    312500   214728 
# T:    2.51727         0        0     312500    87134    312500   221412 
# T:    3.17076         0        0     312500    87279    312500   228009 
# T:    3.99388         0        0     312500    87212    312500   232970 
# T:     5.0307         0        0     312500    87015    312500   236885 
# T:    6.33666         0        0     312500    87104    312500   240166 
# T:    7.98166         0        0     312500    87103    312500   241855 
# T:    10.0537         0        0     312500    87812    312500   243238 
# T:    12.6636         0        0     312500    89049    312500   245330 
# T:    15.9511         0        0     312500    92268    312500   247992 
# T:     20.092         0        0     312500    98292    312500   252014 
# T:    25.3079         0        0     312500   106559    312500   256272 
# T:    31.8778         0        0     312500   118506    312500   261341 
# T:    40.1533         0        0     312500   131633    312500   266370 
# T:    50.5771         0        0     312500   145028    312500   270806 
# T:    63.7069         0        0     312500   158752    312500   274415 
# T:    80.2452         0        0     312500   171626    312500   276656 
# T:    101.077         0        0     312500   181990    312500   278243 
# T:    127.316         0        0     312500   189327    312500   279039 
# T:    160.368         0        0     312500   193738    312500   279023 
# T:    201.999         0        0     312500   195616    312500   278643 
# T:    254.438         0        0     312500   195792    312500   277293 
# T:     320.49         0        0     312500   192786    312500   275660 
# T:    403.689         0        0     312500   189623    312500   273837 
# T:    508.487         0        0     312500   185259    312500   272584 
# T:     640.49         0        0     312500   180145    312500   270076 
# T:    806.761         0        0     312500   174791    312500   268571 
# T:     1016.2         0        0     312500   168884    312500   267025 
# T:       1280         0        0     312500   163797 
