#  nT     T_hot    cold_rate  n_pi_eval  gen    n_try    n_acc    tvd_ndim   tvd_orth   tvd_refl   tvd_1d1   tvd_1dall     dmusq      ksd       edfs       sq_avg_q    sq_avg_p      T 
   32 1280.0000          1    32000     1000     1000      284   0.9279785   0.590125   0.590125  0.4186668  0.2132222    1.313003 0.08246011  0.1136964   0.000784         -1        1  
   32 1280.0000          1    64000     2000     2000      553   0.8930664    0.58075    0.58075  0.3067222  0.1920556    1.654215 0.09346011  0.1406571    6.4e-05         -1        1  
   32 1280.0000          1   128000     4000     4000     1113   0.8469238   0.566875   0.566875   0.239361  0.1651667    1.756104  0.1314662  0.1909583      9e-06         -1        1  
   32 1280.0000          1   256000     8000     8000     2259   0.7684668     0.4705     0.4705  0.1759444  0.1487083    1.119778 0.07506308  0.0902594   0.000169         -1        1  
   32 1280.0000          1   512000    16000    16000     4567    0.688123  0.4169375  0.4169375  0.1906667  0.1842118    1.179983   0.169583  0.2392619 7.876562e-05         -1        1  
   32 1280.0000          1  1024000    32000    32000     8987   0.5652695  0.3277813  0.3277813  0.2250382  0.1440833   0.7203162  0.2197514  0.3547053      1e-06         -1        1  
   32 1280.0000          1  2048000    64000    64000    17915   0.4678398  0.2466719  0.2466719  0.1841892  0.1287161   0.4478357  0.1833852  0.3700305 2.197266e-05         -1        1  
   32 1280.0000          1  4096000   128000   128000    35829   0.3556875  0.1969219  0.1969219  0.1384236 0.09866667   0.2311642  0.1382213  0.2463159 3.54397e-05         -1        1  
   32 1280.0000          1  8192000   256000   256000    71109   0.3003145  0.1909844  0.1909844  0.2512765 0.03668947  0.09460466  0.2476708  0.2744364 2.990723e-07         -1        1  
   32 1280.0000          1 10000000   312500   312500    86869   0.2962081  0.1879634  0.1879634   0.251968 0.03174416  0.09294978  0.2520636  0.2824175 3.391898e-07         -1        1  
