# T:          1         0        0      31250     8846     31250    21957 
# T:    1.38294         0        0      31250     8826     31250    21812 
# T:    1.91253         0        0      31250     8925     31250    22034 
# T:    2.64492         0        0      31250     8738     31250    21866 
# T:    3.65778         0        0      31250     8808     31250    22027 
# T:     5.0585         0        0      31250     8769     31250    21919 
# T:    6.99562         0        0      31250     8600     31250    22258 
# T:    9.67454         0        0      31250     8704     31250    22053 
# T:    13.3793         0        0      31250     8788     31250    22152 
# T:    18.5029         0        0      31250     8786     31250    21937 
# T:    25.5884         0        0      31250     8649     31250    21867 
# T:    35.3873         0        0      31250     8570     31250    22048 
# T:    48.9387         0        0      31250     8505     31250    21975 
# T:    67.6794         0        0      31250     8775     31250    22174 
# T:    93.5968         0        0      31250     8872     31250    22311 
# T:    129.439         0        0      31250     9346     31250    22319 
# T:    179.007         0        0      31250    10015     31250    22904 
# T:    247.556         0        0      31250    10972     31250    23533 
# T:    342.356         0        0      31250    11738     31250    23779 
# T:    473.459         0        0      31250    12659     31250    24074 
# T:    654.767         0        0      31250    12934     31250    23811 
# T:    905.506         0        0      31250    13021     31250    23802 
# T:    1252.26         0        0      31250    12934     31250    23708 
# T:    1731.81         0        0      31250    12480     31250    23325 
# T:    2394.99         0        0      31250    12259     31250    23212 
# T:    3312.14         0        0      31250    11849     31250    23023 
# T:     4580.5         0        0      31250    11492     31250    22619 
# T:    6334.58         0        0      31250    10906     31250    22898 
# T:    8760.36         0        0      31250    10609     31250    22610 
# T:    12115.1         0        0      31250    10444     31250    22654 
# T:    16754.5         0        0      31250    10224     31250    22433 
# T:    23170.5         0        0      31250     9903 
