# T:          1         0        0      90910    25265     90910     5146 
# T:          3         0        0      90910    25129     90910    16454 
# T:          9         0        0      90910    25312     90910    18251 
# T:         27         0        0      90910    25437     90910    19206 
# T:         81         0        0      90910    28435     90910    29735 
# T:        243         0        0      90910    45457     90910    46269 
# T:        729         0        0      90910    56680     90910    45274 
# T:       2187         0        0      90910    53340     90910    37556 
# T:       6561         0        0      90910    45700     90910    30789 
# T:      19683         0        0      90910    38592     90910    25241 
# T:      59049         0        0      90910    33725 
