# T:          1         0        0     312500    85454    312500   162900 
# T:     1.2687         0        0     312500    85414    312500   182878 
# T:     1.6096         0        0     312500    84961    312500   194300 
# T:     2.0421         0        0     312500    85138    312500   203560 
# T:    2.59081         0        0     312500    85213    312500   212288 
# T:    3.28695         0        0     312500    84958    312500   219687 
# T:    4.17016         0        0     312500    85080    312500   225030 
# T:    5.29067         0        0     312500    84997    312500   229117 
# T:    6.71227         0        0     312500    85114    312500   232040 
# T:    8.51586         0        0     312500    85550    312500   234703 
# T:    10.8041         0        0     312500    85411    312500   235759 
# T:    13.7071         0        0     312500    85375    312500   236093 
# T:    17.3902         0        0     312500    85105    312500   237261 
# T:    22.0629         0        0     312500    84729    312500   237289 
# T:    27.9912         0        0     312500    85388    312500   237090 
# T:    35.5125         0        0     312500    85414    312500   237898 
# T:    45.0546         0        0     312500    85897    312500   239473 
# T:    57.1608         0        0     312500    88078    312500   240069 
# T:    72.5198         0        0     312500    92695    312500   243717 
# T:    92.0059         0        0     312500    99708    312500   248200 
# T:    116.728         0        0     312500   109742    312500   253771 
# T:    148.092         0        0     312500   123199    312500   259319 
# T:    187.885         0        0     312500   136868    312500   264312 
# T:    238.369         0        0     312500   150482    312500   269112 
# T:    302.419         0        0     312500   163840    312500   272067 
# T:    383.679         0        0     312500   174844    312500   274101 
# T:    486.773         0        0     312500   183053    312500   274838 
# T:    617.569         0        0     312500   188285    312500   274509 
# T:    783.509         0        0     312500   191038    312500   273868 
# T:    994.037         0        0     312500   191553    312500   272639 
# T:    1261.13         0        0     312500   189420    312500   270526 
# T:       1600         0        0     312500   186407 
