#  nT     T_hot    cold_rate  n_pi_eval  gen    n_try    n_acc    tvd_ndim   tvd_orth   tvd_refl   tvd_1d1   tvd_1dall     dmusq      ksd       edfs       sq_avg_q    sq_avg_p      T 
   32 1600.0000          1    32000     1000     1000      263    0.975647   0.437625   0.437625  0.5118889  0.2273174   0.5461834    0.29856  0.4856693   0.003136         -1        1  
   32 1600.0000          1    64000     2000     2000      545   0.9552002    0.41025    0.41025  0.4168334   0.207246   0.5619782   0.261203  0.2745192   0.000361         -1        1  
   32 1600.0000          1   128000     4000     4000     1075   0.9213257  0.3856875  0.3856875  0.3512778   0.185123   0.5664917   0.246203  0.2751918 0.00216225         -1        1  
   32 1600.0000          1   256000     8000     8000     2153   0.8712769  0.3736875  0.3736875  0.2950833  0.1674087   0.5341552  0.2277236  0.2841544 0.00013225         -1        1  
   32 1600.0000          1   512000    16000    16000     4349   0.8135376      0.372      0.372   0.243243  0.1516012   0.4901043   0.219273  0.3036613 0.0001076406         -1        1  
   32 1600.0000          1  1024000    32000    32000     8694   0.7764717  0.3686563  0.3686563  0.2297917  0.1477788   0.4618725  0.2160347  0.2801154 1.5625e-08         -1        1  
   32 1600.0000          1  2048000    64000    64000    17504   0.7475591  0.3686406  0.3686406  0.2224618  0.1513906   0.4545004  0.2200821  0.2754653 3.414941e-05         -1        1  
   32 1600.0000          1  4096000   128000   128000    35080   0.6942612  0.3327656  0.3327656  0.2319106  0.1795234   0.4806111  0.2319789    0.31355 1.265625e-06         -1        1  
   32 1600.0000          1  8192000   256000   256000    69957   0.6364287   0.290418   0.290418  0.1949648  0.1692321    0.425231  0.1951623  0.2694293  5.625e-07         -1        1  
   32 1600.0000          1 10000000   312500   312500    85454   0.6198943  0.2840824  0.2840824  0.1684576  0.1650825   0.4000978  0.1686276  0.2420297 4.353065e-06         -1        1  
