# T:          1         0        0      21740     6527     21740    16057 
# T:       1.25         0        0      21740     6587     21740    16387 
# T:     1.5625         0        0      21740     6497     21740    16869 
# T:    1.95312         0        0      21740     6493     21740    17209 
# T:    2.44141         0        0      21740     6668     21740    17418 
# T:    3.05176         0        0      21740     6579     21740    17744 
# T:     3.8147         0        0      21740     6474     21740    17769 
# T:    4.76837         0        0      21740     6537     21740    17869 
# T:    5.96046         0        0      21740     6607     21740    17977 
# T:    7.45058         0        0      21740     6583     21740    18068 
# T:    9.31323         0        0      21740     6569     21740    17998 
# T:    11.6415         0        0      21740     6688     21740    18245 
# T:    14.5519         0        0      21740     6528     21740    18145 
# T:    18.1899         0        0      21740     6563     21740    18045 
# T:    22.7374         0        0      21740     6594     21740    18073 
# T:    28.4217         0        0      21740     6520     21740    18042 
# T:    35.5271         0        0      21740     6669     21740    18100 
# T:    44.4089         0        0      21740     6549     21740    18234 
# T:    55.5112         0        0      21740     6794     21740    18197 
# T:    69.3889         0        0      21740     7029     21740    18375 
# T:    86.7362         0        0      21740     7633     21740    18526 
# T:     108.42         0        0      21740     8311     21740    18788 
# T:    135.525         0        0      21740     9418     21740    18972 
# T:    169.407         0        0      21740    10455     21740    19309 
# T:    211.758         0        0      21740    11315     21740    19565 
# T:    264.698         0        0      21740    12256     21740    19825 
# T:    330.872         0        0      21740    13042     21740    19829 
# T:     413.59         0        0      21740    13677     21740    19866 
# T:    516.988         0        0      21740    14179     21740    20015 
# T:    646.235         0        0      21740    14341     21740    19980 
# T:    807.794         0        0      21740    14505     21740    19912 
# T:    1009.74         0        0      21740    14351     21740    19993 
# T:    1262.18         0        0      21740    14308     21740    19877 
# T:    1577.72         0        0      21740    13944     21740    19755 
# T:    1972.15         0        0      21740    13646     21740    19654 
# T:    2465.19         0        0      21740    13225     21740    19602 
# T:    3081.49         0        0      21740    12989     21740    19497 
# T:    3851.86         0        0      21740    12605     21740    19464 
# T:    4814.82         0        0      21740    12095     21740    19364 
# T:    6018.53         0        0      21740    11801     21740    19261 
# T:    7523.16         0        0      21740    11384     21740    19193 
# T:    9403.95         0        0      21740    11114     21740    18980 
# T:    11754.9         0        0      21740    10708     21740    18932 
# T:    14693.7         0        0      21740    10171     21740    18909 
# T:    18367.1         0        0      21740     9857     21740    18729 
# T:    22958.9         0        0      21740     9551 
