#  nT     T_hot    cold_rate  n_pi_eval  gen    n_try    n_acc    tvd_ndim   tvd_orth   tvd_refl   tvd_1d1   tvd_1dall     dmusq      ksd       edfs       sq_avg_q    sq_avg_p      T 
    2 23170.4750          1     2000     1000     1000      287   0.9772949   0.923125   0.923125  0.6448889  0.5074444    4.919552  0.5010381 0.02721915   0.004356         -1        1  
    2 23170.4750          1     4000     2000     2000      563   0.9699707   0.903125   0.903125     0.5695    0.50025      4.9039  0.4937677 0.02940439   0.002601         -1        1  
    2 23170.4750          1     8000     4000     4000     1077   0.9621582   0.909875   0.909875  0.5332501  0.4948333    4.912471  0.4927034 0.02791514 0.00555025         -1        1  
    2 23170.4750          1    16000     8000     8000     2192   0.9559668   0.907125   0.907125  0.5034584  0.4916667    4.909883  0.4926285 0.02843962 0.0008850625         -1        1  
    2 23170.4750          1    32000    16000    16000     4445   0.9453984   0.902375   0.902375  0.4927222  0.4916667     4.91127  0.4921036  0.0354531 0.0009075156         -1        1  
    2 23170.4750          1    64000    32000    32000     8842   0.9375137  0.8944375  0.8944375  0.4916667  0.4916667    4.907497  0.4920758 0.03877936 0.0001182656         -1        1  
    2 23170.4750          1   128000    64000    64000    17835   0.9346523  0.8920625  0.8920625  0.4916667  0.4916667    4.910501   0.492088 0.03939735 0.0001012539         -1        1  
    2 23170.4750          1   256000   128000   128000    35901    0.934291  0.8960078  0.8960078  0.4916667  0.4916667    4.912083  0.4920958 0.03999002 1.026001e-05         -1        1  
    2 23170.4750          1   512000   256000   256000    71740   0.9338418  0.8932656  0.8932656  0.4916667  0.4916667     4.91122  0.4920958  0.0401441 2.203369e-06         -1        1  
    2 23170.4750          1  1000000   500000   500000   139606    0.934046    0.89451    0.89451  0.4916667  0.4916667    4.911354  0.4920641 0.04670267 5.56516e-05         -1        1  
