#  nT     T_hot    cold_rate  n_pi_eval  gen    n_try    n_acc    tvd_ndim   tvd_orth   tvd_refl   tvd_1d1   tvd_1dall     dmusq      ksd       edfs       sq_avg_q    sq_avg_p      T 
    4 23170.4750          1     4000     1000     1000      283   0.9987793   0.984375   0.984375  0.7532222  0.3666111    14.99429  0.5001873  0.1016355   0.002916         -1        1  
    4 23170.4750          1     8000     2000     2000      542   0.9987793   0.984375   0.984375  0.7632222  0.3549999    16.13701  0.5001873  0.3061905   0.003721         -1        1  
    4 23170.4750          1    16000     4000     4000     1080   0.9987793   0.984375   0.984375  0.7859722   0.357625     16.8079  0.5001873  0.4116282  5.625e-05         -1        1  
    4 23170.4750          1    32000     8000     8000     2210   0.9987793   0.984375   0.984375  0.8070555  0.3534166    17.14509    0.50012  0.4654002   0.001296         -1        1  
    4 23170.4750          1    64000    16000    16000     4497   0.9985918  0.9841875  0.9841875  0.8200833  0.3496527    17.31113  0.5000796  0.4928747  5.625e-07         -1        1  
    4 23170.4750          1   128000    32000    32000     9055   0.9970957  0.9529063  0.9529063   0.501507  0.1761059    8.218147   0.326769  0.6451045   0.000144         -1        1  
    4 23170.4750          1   256000    64000    64000    17964   0.9912832  0.9060938  0.9060938  0.3467118 0.07563102    4.477934  0.3300971  0.8081018 0.0001523682         -1        1  
    4 23170.4750          1   512000   128000   128000    35641   0.9814863  0.7845234  0.7845234  0.2391206 0.07731035    2.383793  0.1490273  0.3973807 2.468848e-05         -1        1  
    4 23170.4750          1  1000000   250000   250000    69799    0.963556   0.655053   0.655053  0.2675493  0.1116098   0.9694277  0.1864027  0.5774114 7.589894e-05         -1        1  
