# T:          1         0        0      90910    40345     90910    45566 
# T:          3         0        0      90910    40377     90910    56640 
# T:          9         0        0      90910    40528     90910    60149 
# T:         27         0        0      90910    40636     90910    60883 
# T:         81         0        0      90910    49978     90910    66010 
# T:        243         0        0      90910    66862     90910    74952 
# T:        729         0        0      90910    72145     90910    76973 
# T:       2187         0        0      90910    67961     90910    74674 
# T:       6561         0        0      90910    60506     90910    70685 
# T:      19683         0        0      90910    53241     90910    66849 
# T:      59049         0        0      90910    48451 
