#  nT     T_hot    cold_rate  n_pi_eval  gen    n_try    n_acc    tvd_ndim   tvd_orth   tvd_refl   tvd_1d1   tvd_1dall     dmusq      ksd       edfs       sq_avg_q    sq_avg_p      T 
    4 23170.4750          1     4000     1000     1000      424       0.121      0.111 0.09600001  0.4249999  0.4249999  0.01237391  0.1342094   0.109802   0.036864         -1        1  
    4 23170.4750          1     8000     2000     2000      853  0.08700001     0.0755 0.08350001  0.2992222  0.2992222  0.00570917  0.0933935  0.0745391   0.027889         -1        1  
    4 23170.4750          1    16000     4000     4000     1795  0.03900001    0.03125 0.02625001  0.1973889  0.1973889  0.000989697  0.0433935 0.03137103 0.00275625         -1        1  
    4 23170.4750          1    32000     8000     8000     3563    0.041875   0.041875 0.01512501  0.1500417  0.1500417  0.001735251 0.04672994 0.04176415 0.0009150625         -1        1  
    4 23170.4750          1    64000    16000    16000     7154   0.0268125  0.0268125 0.01793751  0.1066806  0.1066806  0.0007109111  0.0304143 0.02673739 0.001287016         -1        1  
    4 23170.4750          1   128000    32000    32000    14161  0.008531262 0.00121875 0.008531262 0.07356598 0.07356598  1.633271e-06 0.007055437 0.001395603 0.0002911289         -1        1  
    4 23170.4750          1   256000    64000    64000    28529  0.007796887 0.000390625 0.007796887 0.04857463 0.04857463  2.106609e-07 0.00627478 0.0005543593 0.000243165         -1        1  
    4 23170.4750          1   512000   128000   128000    57007  0.006601563 0.006601563 0.003351574 0.03385588 0.03385588  4.360438e-05 0.006962748 0.006631996 4.493188e-05         -1        1  
    4 23170.4750          1  1000000   250000   250000   111334    0.006036   0.006036 0.003184012 0.02595832 0.02595832  3.587099e-05 0.00619743 0.006012613 4.055142e-05         -1        1  
