#  nT     T_hot    cold_rate  n_pi_eval  gen    n_try    n_acc    tvd_ndim   tvd_orth   tvd_refl   tvd_1d1   tvd_1dall     dmusq      ksd       edfs       sq_avg_q    sq_avg_p      T 
    4 8192.0000          1     4000     1000     1000      300   0.7095625     0.3765     0.3765      0.588  0.4061111   0.7195598  0.3025949 0.04241638     0.0049         -1        1  
    4 8192.0000          1     8000     2000     2000      616    0.690125     0.3645     0.3645  0.4852778  0.3572083    0.720053  0.3039261 0.04088955   0.000841         -1        1  
    4 8192.0000          1    16000     4000     4000     1195   0.6856562      0.361      0.361  0.4046112  0.3200555   0.7207288  0.3013961 0.04102972    8.1e-05         -1        1  
    4 8192.0000          1    32000     8000     8000     2408      0.6845    0.35925    0.35925  0.3531112  0.3036077   0.7209944  0.3002345  0.2762167 0.0002030625         -1        1  
    4 8192.0000          1    64000    16000    16000     4756   0.6835312   0.373375   0.373375  0.3213264  0.3001771   0.7211664  0.2998305  0.2777295   0.000196         -1        1  
    4 8192.0000          1   128000    32000    32000     9631   0.6835625  0.3668437  0.3668437  0.3047847  0.2994922   0.7204442  0.2996144  0.2765334 5.814062e-05         -1        1  
    4 8192.0000          1   256000    64000    64000    19236   0.6834687  0.3665625  0.3665625  0.3002257  0.2994375   0.7205209  0.2996697   0.488465 1.886816e-05         -1        1  
    4 8192.0000          1   512000   128000   128000    38293    0.683375  0.3660078  0.3660078  0.2993793  0.2992559   0.7197802  0.2993905   0.437388 2.407129e-05         -1        1  
    4 8192.0000          1  1000000   250000   250000    75141   0.5885665   0.307644   0.307644   0.244676    0.25234   0.5160054  0.2448056  0.3430731 7.95664e-05         -1        1  
