#  nT     T_hot    cold_rate  n_pi_eval  gen    n_try    n_acc    tvd_ndim   tvd_orth   tvd_refl   tvd_1d1   tvd_1dall     dmusq      ksd       edfs       sq_avg_q    sq_avg_p      T 
    2 23170.4750          1     2000     1000     1000      293   0.9848633   0.984375     0.2975  0.6686667  0.2933333    1.498848  0.5031807 0.01966264     0.0064         -1        1  
    2 23170.4750          1     4000     2000     2000      547   0.9846191   0.984375    0.20125  0.5728889  0.2301944    1.500451  0.5016807 0.02483226     0.0001         -1        1  
    2 23170.4750          1     8000     4000     4000     1074    0.984375   0.984375   0.173375  0.5257778  0.1957083    1.499765  0.5003978 0.02413506 0.00060025         -1        1  
    2 23170.4750          1    16000     8000     8000     2209    0.984375   0.984375   0.116875  0.5108473  0.1754861    1.498799  0.5002612 0.02503711 0.0001155625         -1        1  
    2 23170.4750          1    32000    16000    16000     4412    0.984375   0.984375  0.0764375  0.5023195  0.1679549    1.497803  0.5002831 0.02488763    6.4e-05         -1        1  
    2 23170.4750          1    64000    32000    32000     8938    0.984375   0.984375 0.05084375        0.5  0.1667326    1.498951  0.5000636  0.0315467 6.201563e-05         -1        1  
    2 23170.4750          1   128000    64000    64000    17781    0.984375   0.984375 0.03923438        0.5  0.1666667    1.499291  0.5000165 0.03180542 7.331641e-05         -1        1  
    2 23170.4750          1   256000   128000   128000    35706    0.984375   0.984375 0.02427344        0.5  0.1666667    1.499303   0.500011 0.03175909 1.805664e-06         -1        1  
    2 23170.4750          1   512000   256000   256000    71269    0.984375   0.984375 0.01940234        0.5  0.1666667    1.499462  0.5000064 0.03273984 1.051178e-05         -1        1  
    2 23170.4750          1  1000000   500000   500000   139205    0.984375   0.984375   0.015174        0.5  0.1666667    1.499746  0.5000027 0.03422743 7.12336e-07         -1        1  
