# T:          1         0        0      90910    32341     90910    29990 
# T:          3         0        0      90910    32196     90910    41927 
# T:          9         0        0      90910    32327     90910    44888 
# T:         27         0        0      90910    32542     90910    45900 
# T:         81         0        0      90910    38598     90910    53660 
# T:        243         0        0      90910    58783     90910    66338 
# T:        729         0        0      90910    66451     90910    68034 
# T:       2187         0        0      90910    62094     90910    63267 
# T:       6561         0        0      90910    54032     90910    57581 
# T:      19683         0        0      90910    46291     90910    53311 
# T:      59049         0        0      90910    40395 
