#  nT     T_hot    cold_rate  n_pi_eval  gen    n_try    n_acc    tvd_ndim   tvd_orth   tvd_refl   tvd_1d1   tvd_1dall     dmusq      ksd       edfs       sq_avg_q    sq_avg_p      T 
    2 23170.4750          1     2000     1000     1000      313     0.96875      0.875      0.875  0.8378889  0.5384444    8.730685  0.6670541  0.0344953     0.0256         -1        1  
    2 23170.4750          1     4000     2000     2000      626     0.96875      0.875      0.875  0.8333333  0.5103889    8.746947  0.6668349 0.04029952   0.007744         -1        1  
    2 23170.4750          1     8000     4000     4000     1235     0.96875      0.875      0.875  0.8333333  0.5011944    8.747696   0.666729 0.04696784   0.001936         -1        1  
    2 23170.4750          1    16000     8000     8000     2543     0.96875      0.875      0.875  0.8333333  0.5001944     8.74159  0.6666752 0.05272743 0.001701563         -1        1  
    2 23170.4750          1    32000    16000    16000     5119    0.953125   0.823375   0.823375  0.7817083  0.4655833    7.291215  0.6150502   1.466334 0.0002805625         -1        1  
    2 23170.4750          1    64000    32000    32000    10279    0.953125       0.75       0.75  0.6666667  0.2066875    2.375837  0.3591747  0.4635933 7.222656e-06         -1        1  
    2 23170.4750          1   128000    64000    64000    20444    0.953125       0.75       0.75  0.6666667  0.3419375    5.651466  0.5962657   1.394967 4.987891e-05         -1        1  
    2 23170.4750          1   256000   128000   128000    40859   0.8684141  0.6478672  0.6478672  0.6667535  0.3084835    3.961947  0.6283893   1.658772 4.785156e-08         -1        1  
    2 23170.4750          1   512000   256000   256000    81747   0.7857656  0.5225234  0.5225234  0.5550299  0.2509497    2.531302  0.5185338   1.191018 1.373291e-06         -1        1  
    2 23170.4750          1  1000000   500000   500000   159845    0.669461   0.457512   0.457512  0.3817369  0.2399773   0.7535659  0.3712364   0.898645 3.225616e-06         -1        1  
