# T:          1         0        0      62500    17416     62500    13954 
# T:    1.95432         0        0      62500    17569     62500    22611 
# T:    3.81937         0        0      62500    17415     62500    25582 
# T:    7.46426         0        0      62500    17508     62500    27196 
# T:    14.5876         0        0      62500    17453     62500    27183 
# T:    28.5088         0        0      62500    17643     62500    27326 
# T:    55.7152         0        0      62500    18052     62500    29126 
# T:    108.885         0        0      62500    22231     62500    35173 
# T:    212.797         0        0      62500    29838     62500    41272 
# T:    415.873         0        0      62500    36940     62500    43521 
# T:    812.749         0        0      62500    39005     62500    42675 
# T:    1588.37         0        0      62500    37921     62500    39892 
# T:    3104.19         0        0      62500    35189     62500    37323 
# T:    6066.58         0        0      62500    31568     62500    35478 
# T:      11856         0        0      62500    28837     62500    33055 
# T:    23170.5         0        0      62500    25919 
