#  nT     T_hot    cold_rate  n_pi_eval  gen    n_try    n_acc    tvd_ndim   tvd_orth   tvd_refl   tvd_1d1   tvd_1dall     dmusq      ksd       edfs       sq_avg_q    sq_avg_p      T 
    2 4096.0000          1     2000     1000     1000      440       0.072      0.008      0.072  0.4117777  0.4117777  2.664017e-05 0.06247901 0.01503738   0.020736         -1        1  
    2 4096.0000          1     4000     2000     2000      869      0.0905     0.0905      0.051  0.3049999  0.3049999  0.008378302  0.1035813 0.09235875   0.010404         -1        1  
    2 4096.0000          1     8000     4000     4000     1740       0.147      0.147    0.02625     0.2505     0.2505  0.02139256  0.1480189  0.1465945 0.00275625         -1        1  
    2 4096.0000          1    16000     8000     8000     3529    0.111375   0.111375 0.001125004  0.1765138  0.1765138  0.01227786  0.1122689   0.110993 5.0625e-06         -1        1  
    2 4096.0000          1    32000    16000    16000     7093   0.0236875  0.0236875  0.0115625  0.1174513  0.1174513  0.0005215774 0.02626126 0.02295286 0.0005347656         -1        1  
    2 4096.0000          1    64000    32000    32000    14182  0.00796875 0.00796875 0.003281254 0.08123252 0.08123252  7.303834e-05  0.0152945 0.008625845 4.306641e-05         -1        1  
    2 4096.0000          1   128000    64000    64000    28555   0.0093125  0.0093125 0.000890621 0.05746531 0.05746531  9.16012e-05 0.01315986 0.009614166 3.172852e-06         -1        1  
    2 4096.0000          1   256000   128000   128000    57422  0.004445312 0.004445312 0.001375004 0.03783236 0.03783236  2.033956e-05 0.005433727 0.00450962 7.5625e-06         -1        1  
    2 4096.0000          1   512000   256000   256000   114780  0.009433594 0.009433594 0.00175391 0.02881072 0.02881072  8.511726e-05 0.01050177 0.009234035 1.230475e-05         -1        1  
    2 4096.0000          1  1000000   500000   500000   224272    0.006526   0.006526 0.000925996 0.01938889 0.01938889  4.473972e-05 0.007272548 0.006700595 3.429904e-06         -1        1  
