# T:          1         0        0      31250    13818     31250    25621 
# T:    1.38294         0        0      31250    14005     31250    26142 
# T:    1.91253         0        0      31250    13928     31250    26828 
# T:    2.64492         0        0      31250    13917     31250    27230 
# T:    3.65778         0        0      31250    14084     31250    27397 
# T:     5.0585         0        0      31250    13881     31250    27789 
# T:    6.99562         0        0      31250    14037     31250    27861 
# T:    9.67454         0        0      31250    13936     31250    27918 
# T:    13.3793         0        0      31250    13826     31250    27997 
# T:    18.5029         0        0      31250    13800     31250    28048 
# T:    25.5884         0        0      31250    13832     31250    28108 
# T:    35.3873         0        0      31250    14241     31250    28113 
# T:    48.9387         0        0      31250    15068     31250    28103 
# T:    67.6794         0        0      31250    16240     31250    28183 
# T:    93.5968         0        0      31250    18019     31250    28506 
# T:    129.439         0        0      31250    19800     31250    28683 
# T:    179.007         0        0      31250    21814     31250    29080 
# T:    247.556         0        0      31250    22978     31250    29358 
# T:    342.356         0        0      31250    23984     31250    29570 
# T:    473.459         0        0      31250    24594     31250    29745 
# T:    654.767         0        0      31250    24784     31250    29873 
# T:    905.506         0        0      31250    24752     31250    29825 
# T:    1252.26         0        0      31250    24337     31250    29788 
# T:    1731.81         0        0      31250    23794     31250    29720 
# T:    2394.99         0        0      31250    23045     31250    29691 
# T:    3312.14         0        0      31250    22490     31250    29539 
# T:     4580.5         0        0      31250    21739     31250    29472 
# T:    6334.58         0        0      31250    20925     31250    29252 
# T:    8760.36         0        0      31250    19987     31250    29118 
# T:    12115.1         0        0      31250    19313     31250    29042 
# T:    16754.5         0        0      31250    18422     31250    28942 
# T:    23170.5         0        0      31250    17973 
