#  nT     T_hot    cold_rate  n_pi_eval  gen    n_try    n_acc    tvd_ndim   tvd_orth   tvd_refl   tvd_1d1   tvd_1dall     dmusq      ksd       edfs       sq_avg_q    sq_avg_p      T 
    4 23170.4750          1     4000     1000     1000      433       0.128      0.128      0.128  0.3956666  0.3956666   0.1201483  0.1297575    0.34783   0.001444         -1        1  
    4 23170.4750          1     8000     2000     2000      883  0.06700001     0.0505     0.0505  0.2946666  0.2946666  0.000727738 0.05082412   0.128063   0.001369         -1        1  
    4 23170.4750          1    16000     4000     4000     1775       0.064      0.064      0.064  0.1988056  0.1988056  0.01127999 0.06481721  0.1056468      4e-06         -1        1  
    4 23170.4750          1    32000     8000     8000     3509  0.01150001   0.008625   0.008625  0.1569306  0.1569306  0.0004335991 0.02758803 0.04986188    2.5e-07         -1        1  
    4 23170.4750          1    64000    16000    16000     7110   0.0216875  0.0216875  0.0216875  0.1107848  0.1107848  0.001632715 0.02195379 0.04452883 3.90625e-05         -1        1  
    4 23170.4750          1   128000    32000    32000    14208  0.004250003 0.00284375 0.00284375 0.07576051 0.07576051  4.690386e-05 0.007943847 0.02282672 4.726562e-05         -1        1  
    4 23170.4750          1   256000    64000    64000    28392  0.009328128 0.004828125 0.004828125 0.05194969 0.05194969  9.810237e-05  0.0103687 0.01950573 6.80625e-05         -1        1  
    4 23170.4750          1   512000   128000   128000    56861  0.006156253 0.00565625 0.00565625 0.03609544 0.03609544  0.0005628942 0.01121382 0.02380484 1.465454e-05         -1        1  
    4 23170.4750          1  1000000   250000   250000   111155  0.002283988    0.00028    0.00028 0.02609997 0.02609997  5.612119e-07 0.002022791 0.002927288 1.371962e-05         -1        1  
