#  nT     T_hot    cold_rate  n_pi_eval  gen    n_try    n_acc    tvd_ndim   tvd_orth   tvd_refl   tvd_1d1   tvd_1dall     dmusq      ksd       edfs       sq_avg_q    sq_avg_p      T 
    4 8192.0000          1     4000     1000     1000      319       0.464        0.3        0.3  0.5673333  0.4775555    0.852564  0.2557412  0.4126358   0.001764         -1        1  
    4 8192.0000          1     8000     2000     2000      631      0.4125     0.2545     0.2545     0.4865  0.3470833   0.2294824  0.3549728  0.4198735   0.006241         -1        1  
    4 8192.0000          1    16000     4000     4000     1395     0.10525    0.07625    0.07625  0.2784167  0.1889445  0.004220434 0.09590334  0.1448297 0.00055225         -1        1  
    4 8192.0000          1    32000     8000     8000     2782       0.181      0.102      0.102  0.1939305  0.1528819  0.01556266 0.04128975 0.05819045   0.000144         -1        1  
    4 8192.0000          1    64000    16000    16000     5605   0.1670625   0.140125   0.140125  0.1415001  0.1378334   0.0451748 0.01439718 0.03439926 6.201563e-05         -1        1  
    4 8192.0000          1   128000    32000    32000    11241   0.1192188 0.08706251 0.08706251   0.099632 0.08590807  0.02815936 0.01339828 0.01842254 5.531641e-05         -1        1  
    4 8192.0000          1   256000    64000    64000    22687  0.07209375 0.03995313 0.03995313 0.07028654  0.0591806  0.005237269 0.02491608 0.03525687 8.265625e-06         -1        1  
    4 8192.0000          1   512000   128000   128000    45277  0.06307813 0.03778126 0.03778126 0.05459459 0.04593619  0.004903872 0.03244137 0.03841635 5.493164e-06         -1        1  
    4 8192.0000          1  1000000   250000   250000    88655    0.033688 0.01607201 0.01607201 0.03393243 0.02612193  0.0006447013 0.006608694 0.01308471 7.096896e-06         -1        1  
