#  nT     T_hot    cold_rate  n_pi_eval  gen    n_try    n_acc    tvd_ndim   tvd_orth   tvd_refl   tvd_1d1   tvd_1dall     dmusq      ksd       edfs       sq_avg_q    sq_avg_p      T 
    2 23170.4750          1     2000     1000     1000      254   0.9990234   0.984375   0.984375  0.8422222  0.3577778    11.53114  0.5006396 0.02853781   0.006724         -1        1  
    2 23170.4750          1     4000     2000     2000      534   0.9990234   0.984375   0.984375  0.8336111  0.2973889    11.51001  0.5005061 0.03503321   0.000576         -1        1  
    2 23170.4750          1     8000     4000     4000     1075   0.9990234   0.984375   0.984375  0.8333333  0.2546945    11.50342  0.5002131 0.03925749   0.001764         -1        1  
    2 23170.4750          1    16000     8000     8000     2203   0.9990234   0.984375   0.984375  0.8333333  0.2277014    11.51051  0.5000753 0.03921139      4e-06         -1        1  
    2 23170.4750          1    32000    16000    16000     4435   0.9990234   0.984375   0.984375  0.8333333  0.2103924    11.50572  0.5000753 0.04218104 3.90625e-05         -1        1  
    2 23170.4750          1    64000    32000    32000     9039   0.9990234   0.984375   0.984375  0.8333333  0.1965904     11.5052  0.5000753 0.04439804 1.128906e-06         -1        1  
    2 23170.4750          1   128000    64000    64000    18012   0.9990234   0.984375   0.984375  0.8333333  0.1881519    11.50157  0.5000089 0.05038217 1.269141e-05         -1        1  
    2 23170.4750          1   256000   128000   128000    35978   0.9990234   0.984375   0.984375  0.8333333  0.1815438    11.50164  0.5000089 0.05077117 8.720947e-06         -1        1  
    2 23170.4750          1   512000   256000   256000    71561   0.9990234   0.984375   0.984375  0.8333333   0.177242    11.50028  0.5000007 0.06190606 3.713379e-07         -1        1  
    2 23170.4750          1  1000000   500000   500000   139423   0.9990234   0.984375   0.984375  0.8333333  0.1750324    11.49991  0.5000007 0.06189202 2.547216e-06         -1        1  
