# /home/tomfy/mcmc_toy/src/mcmc_toy; 3; 1; 0.0; 1.0; 1.0; 1000000; 1; 1; 1; gaussian; 0.719; 0.687046820335655; 0; 4; 360; 988503; mcmc; 1; 
# n_dimensions: 3 
# n_peaks: 1 
# peak 0; position,sigma,weight:  0.00000  1.00000  1.00000 
# target mean, variance:                0                1 
# burn-in, mcmc steps: 0 1000000 
# n temperatures: 1 
#  T, rate, Proposal(shape,W1,W2,p1):   1.00000  1.00000      gaussian  0.71900  0.68705  0.00000 
#  n_bins: 4 n_bins_1d: 360 
# seed: 988503  chain_type: mcmc neighbor_swap_only: 1 
    1000 0.05687444 0.07274265  0.1353138    0.09322  0.3647289  0.2135055 
    2000 0.02329146 0.04598273 0.08266575   0.062615  0.2622794  0.1514139 
    4000 0.01248783 0.03273765 0.05995326   0.046185  0.1851383  0.1069472 
    8000 0.006800885 0.02445527 0.04525489  0.0342625  0.1316432  0.0761818 
   16000 0.00335295 0.01755981 0.03276111 0.02410625 0.09384445 0.05459583 
   32000 0.001642877 0.01302918 0.02456162 0.01669156 0.06617261  0.0385251 
   64000 0.0008313772 0.008838426 0.01689499 0.01167422 0.04686736 0.02712481 
  128000 0.0004273518 0.006129992 0.01195069 0.008146485 0.03315523 0.01921589 
  256000 0.000204559 0.004225156 0.008166734 0.005707305 0.02343909 0.01352366 
  512000 9.962595e-05 0.002951106 0.005609562 0.004049023 0.01659937 0.009635904 
 1000000 5.121271e-05 0.002219827 0.004270317 0.00287089 0.01191572 0.006901167 

# /home/tomfy/mcmc_toy/src/mcmc_toy; 3; 1; 0.0; 1.0; 1.0; 1000000; 1; 1; 1; gaussian; 0.719; 0.817040967083157; 0; 4; 360; 208772; mcmc; 1; 
# n_dimensions: 3 
# n_peaks: 1 
# peak 0; position,sigma,weight:  0.00000  1.00000  1.00000 
# target mean, variance:                0                1 
# burn-in, mcmc steps: 0 1000000 
# n temperatures: 1 
#  T, rate, Proposal(shape,W1,W2,p1):   1.00000  1.00000      gaussian  0.71900  0.81704  0.00000 
#  n_bins: 4 n_bins_1d: 360 
# seed: 208772  chain_type: mcmc neighbor_swap_only: 1 
    1000 0.04613026 0.07150261  0.1240764    0.09048    0.39296    0.23068 
    2000 0.02219525 0.04811393 0.08669992    0.06348    0.28068  0.1642983 
    4000 0.01186602 0.03453131 0.06246583   0.045355  0.1997717  0.1165867 
    8000 0.005453336 0.02186958 0.03837244 0.03118375  0.1413978 0.08224972 
   16000 0.002733152 0.01643591 0.02921596 0.02207125  0.1008924 0.05838062 
   32000 0.001356549 0.01129245 0.02054087 0.01533187 0.07123354 0.04126382 
   64000 0.0006742281 0.007862398 0.01398409 0.01067953 0.05001148 0.02900245 
  128000 0.0003250208 0.005627854 0.01008672 0.007854531 0.03561095 0.02066073 
  256000 0.0001772834 0.004080603 0.00739811 0.005607304 0.02513901 0.01463285 
  512000 9.154967e-05 0.002781587 0.005014508 0.003736972  0.0177577 0.01033162 
 1000000 4.987941e-05 0.002044689 0.003689869 0.00286083 0.01268475 0.007341142 

# /home/tomfy/mcmc_toy/src/mcmc_toy; 3; 1; 0.0; 1.0; 1.0; 1000000; 1; 1; 1; gaussian; 0.719; 0.971630931303994; 0; 4; 360; 890317; mcmc; 1; 
# n_dimensions: 3 
# n_peaks: 1 
# peak 0; position,sigma,weight:  0.00000  1.00000  1.00000 
# target mean, variance:                0                1 
# burn-in, mcmc steps: 0 1000000 
# n temperatures: 1 
#  T, rate, Proposal(shape,W1,W2,p1):   1.00000  1.00000      gaussian  0.71900  0.97163  0.00000 
#  n_bins: 4 n_bins_1d: 360 
# seed: 890317  chain_type: mcmc neighbor_swap_only: 1 
    1000 0.03525406 0.06535032   0.108754    0.08579  0.4241244  0.2519889 
    2000 0.01423694 0.04198946 0.06980267   0.055515  0.3035845  0.1785211 
    4000 0.007838189 0.03047362 0.05266662   0.039905  0.2170097  0.1269244 
    8000 0.003788667 0.02111168 0.03691276 0.02899125  0.1540611 0.09026958 
   16000 0.002035793 0.01538574 0.02586348 0.02043375  0.1092981 0.06386625 
   32000 0.001065526  0.0113932 0.01968162 0.01475469 0.07754094 0.04523576 
   64000 0.0005106899 0.008052258 0.01370599 0.01005703 0.05513359 0.03183531 
  128000 0.000295948 0.005973885  0.0103466 0.007774219 0.03887241 0.02252935 
  256000 0.0001335939 0.004017429 0.00692371 0.005352539 0.02749242 0.01599223 
  512000 7.274366e-05 0.002983759 0.005151294 0.003645664 0.01950654 0.01126077 
 1000000 3.403194e-05 0.002041274 0.00357905 0.00255655 0.01394141 0.007959371 

# /home/tomfy/mcmc_toy/src/mcmc_toy; 3; 1; 0.0; 1.0; 1.0; 1000000; 1; 1; 1; gaussian; 0.719; 1.15547041666343; 0; 4; 360; 235701; mcmc; 1; 
# n_dimensions: 3 
# n_peaks: 1 
# peak 0; position,sigma,weight:  0.00000  1.00000  1.00000 
# target mean, variance:                0                1 
# burn-in, mcmc steps: 0 1000000 
# n temperatures: 1 
#  T, rate, Proposal(shape,W1,W2,p1):   1.00000  1.00000      gaussian  0.71900  1.15547  0.00000 
#  n_bins: 4 n_bins_1d: 360 
# seed: 235701  chain_type: mcmc neighbor_swap_only: 1 
    1000 0.03156976 0.06643803  0.1060606     0.0824  0.4640567  0.2765956 
    2000 0.01465893 0.04633304 0.07633446   0.058475  0.3378144  0.1979344 
    4000 0.00723585 0.03409342 0.05596416  0.0403475  0.2405681  0.1404908 
    8000 0.003803966 0.02383212 0.03867877 0.02836625  0.1720579  0.1001242 
   16000 0.001962705 0.01789572 0.02847934   0.020735  0.1221815  0.0706157 
   32000 0.001010513 0.01189664 0.01981676 0.01498031 0.08650653 0.05021094 
   64000 0.0005709414 0.008592883 0.01464787 0.01076641 0.06156221 0.03557365 
  128000 0.0002762809 0.006152188 0.01018336 0.007619141 0.04359702 0.02506355 
  256000 0.0001346679 0.004344503 0.007202949 0.005354727 0.03074288 0.01766598 
  512000 5.931937e-05 0.003006102 0.004884314 0.003794922 0.02176475  0.0125508 
 1000000 2.995849e-05 0.002184605 0.003543017 0.00259132 0.01560301 0.008973479 

# /home/tomfy/mcmc_toy/src/mcmc_toy; 3; 1; 0.0; 1.0; 1.0; 1000000; 1; 1; 1; gaussian; 0.719; 1.37409364067131; 0; 4; 360; 362979; mcmc; 1; 
# n_dimensions: 3 
# n_peaks: 1 
# peak 0; position,sigma,weight:  0.00000  1.00000  1.00000 
# target mean, variance:                0                1 
# burn-in, mcmc steps: 0 1000000 
# n temperatures: 1 
#  T, rate, Proposal(shape,W1,W2,p1):   1.00000  1.00000      gaussian  0.71900  1.37409  0.00000 
#  n_bins: 4 n_bins_1d: 360 
# seed: 362979  chain_type: mcmc neighbor_swap_only: 1 
    1000 0.02887364 0.06554651 0.09817043    0.08764    0.51698  0.3161278 
    2000  0.0150287 0.04979352 0.07710714    0.06253  0.3826194  0.2259783 
    4000 0.007406373 0.03632714 0.05564643   0.045595  0.2742708  0.1605536 
    8000 0.00427536  0.0270258 0.04108437    0.03186  0.1968857  0.1142787 
   16000 0.002026545 0.01868648 0.02756612 0.02149125  0.1389875 0.08063771 
   32000 0.001006936 0.01317123 0.01968098 0.01512094 0.09813618 0.05713562 
   64000 0.0005349108 0.009497047 0.01480409 0.01086734 0.06962319 0.04026109 
  128000 0.000232918  0.0065021 0.01012411 0.00753375  0.0494559  0.0285456 
  256000 0.0001064513 0.004540121 0.007001688 0.00519832 0.03500323 0.02027348 
  512000 6.529679e-05 0.003314617 0.005046731 0.003994903 0.02477307 0.01431427 
 1000000 3.397543e-05 0.002377997 0.003751945 0.00285999 0.01774474 0.01026327 

# /home/tomfy/mcmc_toy/src/mcmc_toy; 3; 1; 0.0; 1.0; 1.0; 1000000; 1; 1; 1; gaussian; 0.719; 1.63408193416631; 0; 4; 360; 34582; mcmc; 1; 
# n_dimensions: 3 
# n_peaks: 1 
# peak 0; position,sigma,weight:  0.00000  1.00000  1.00000 
# target mean, variance:                0                1 
# burn-in, mcmc steps: 0 1000000 
# n temperatures: 1 
#  T, rate, Proposal(shape,W1,W2,p1):   1.00000  1.00000      gaussian  0.71900  1.63408  0.00000 
#  n_bins: 4 n_bins_1d: 360 
# seed: 34582  chain_type: mcmc neighbor_swap_only: 1 
    1000 0.02903784 0.07835557  0.1147651    0.09764  0.5817956  0.3643789 
    2000 0.01383797  0.0544749 0.08041278     0.0662  0.4362861   0.262025 
    4000 0.006618742 0.04111654 0.05965753  0.0469575  0.3181775   0.186775 
    8000 0.003845632 0.02985594  0.0445826 0.03415625  0.2285382  0.1329907 
   16000 0.002263289 0.02114227  0.0325572 0.02531312  0.1626276 0.09401882 
   32000 0.0009825927 0.01457517 0.02215903 0.01735906  0.1147872 0.06666038 
   64000 0.0005432275 0.01033155 0.01585136 0.01264047 0.08105794 0.04702478 
  128000 0.0002722136 0.007331752 0.01112678 0.008949453 0.05741075  0.0333194 
  256000 0.000137327 0.00518498 0.007888854 0.006339727   0.040915 0.02364689 
  512000 6.972819e-05 0.003509055 0.005304953 0.004610078 0.02881454 0.01667866 
 1000000 3.369943e-05 0.002633712 0.00388149 0.00320228 0.02062677 0.01191277 

# /home/tomfy/mcmc_toy/src/mcmc_toy; 3; 1; 0.0; 1.0; 1.0; 1000000; 1; 1; 1; gaussian; 0.719; 1.94326186260799; 0; 4; 360; 663259; mcmc; 1; 
# n_dimensions: 3 
# n_peaks: 1 
# peak 0; position,sigma,weight:  0.00000  1.00000  1.00000 
# target mean, variance:                0                1 
# burn-in, mcmc steps: 0 1000000 
# n temperatures: 1 
#  T, rate, Proposal(shape,W1,W2,p1):   1.00000  1.00000      gaussian  0.71900  1.94326  0.00000 
#  n_bins: 4 n_bins_1d: 360 
# seed: 663259  chain_type: mcmc neighbor_swap_only: 1 
    1000 0.04115521 0.09386341  0.1317004    0.11607  0.6504411  0.4264556 
    2000 0.01802495 0.06492545 0.09171685   0.081045  0.5023056  0.3101078 
    4000 0.009701374  0.0485551  0.0671291  0.0600325  0.3718067  0.2210592 
    8000 0.004881956 0.03628753 0.05047658 0.04347875  0.2675511  0.1566958 
   16000 0.002718924 0.02482061 0.03538312 0.03024875   0.191442  0.1112238 
   32000 0.001156887 0.01765416 0.02435721 0.01993625  0.1353851 0.07844121 
   64000 0.0005337606 0.01234014 0.01726177 0.01374031 0.09638233 0.05554201 
  128000 0.0002749962 0.008549737 0.01167913 0.00988875 0.06852595 0.03938226 
  256000 0.0001351761 0.006131052 0.008456296 0.006928633 0.04839431 0.02786838 
  512000 6.952634e-05 0.004241433 0.005819467 0.005011406 0.03424802 0.01975709 
 1000000 3.897459e-05 0.002971879 0.004162677 0.00340026 0.02443898 0.01407546 

# /home/tomfy/mcmc_toy/src/mcmc_toy; 3; 1; 0.0; 1.0; 1.0; 1000000; 1; 1; 1; gaussian; 0.719; 2.31094083332686; 0; 4; 360; 122846; mcmc; 1; 
# n_dimensions: 3 
# n_peaks: 1 
# peak 0; position,sigma,weight:  0.00000  1.00000  1.00000 
# target mean, variance:                0                1 
# burn-in, mcmc steps: 0 1000000 
# n temperatures: 1 
#  T, rate, Proposal(shape,W1,W2,p1):   1.00000  1.00000      gaussian  0.71900  2.31094  0.00000 
#  n_bins: 4 n_bins_1d: 360 
# seed: 122846  chain_type: mcmc neighbor_swap_only: 1 
    1000 0.04802395  0.1076019  0.1473847    0.13334  0.7157956  0.4894689 
    2000 0.02198972 0.07602668  0.1073883   0.093045  0.5750272  0.3618161 
    4000 0.01128874 0.05387225 0.07651164   0.065185  0.4356131  0.2626186 
    8000 0.005393726 0.03999049 0.05403484  0.0479225   0.318684  0.1879024 
   16000 0.00273739 0.02716862 0.03597091 0.03424813  0.2304284  0.1345974 
   32000 0.001385311 0.01893113  0.0260018 0.02484125  0.1636348 0.09528819 
   64000 0.0006802738 0.01396785 0.01923391 0.01742656  0.1160024 0.06712172 
  128000 0.0003259822 0.01013054 0.01345589 0.01197734 0.08257748 0.04728506 
  256000 0.0001451485 0.006779999 0.009061789   0.008225 0.05880685 0.03372704 
  512000 9.057977e-05 0.005094752 0.00702879 0.006023711 0.04142992 0.02386271 
 1000000 4.56607e-05 0.003658484 0.004775717 0.00414009 0.02945732 0.01703033 

# /home/tomfy/mcmc_toy/src/mcmc_toy; 3; 1; 0.0; 1.0; 1.0; 1000000; 1; 1; 1; gaussian; 0.719; 2.74818728134262; 0; 4; 360; 546778; mcmc; 1; 
# n_dimensions: 3 
# n_peaks: 1 
# peak 0; position,sigma,weight:  0.00000  1.00000  1.00000 
# target mean, variance:                0                1 
# burn-in, mcmc steps: 0 1000000 
# n temperatures: 1 
#  T, rate, Proposal(shape,W1,W2,p1):   1.00000  1.00000      gaussian  0.71900  2.74819  0.00000 
#  n_bins: 4 n_bins_1d: 360 
# seed: 546778  chain_type: mcmc neighbor_swap_only: 1 
    1000 0.05956047  0.1309749   0.171419    0.16163  0.7847878  0.5733878 
    2000  0.0304668 0.09604702  0.1270592    0.11583  0.6574878  0.4356494 
    4000 0.01607121 0.06765637 0.09096766  0.0839025  0.5158256  0.3203092 
    8000 0.007388261 0.04805235 0.06325191      0.057  0.3830068  0.2290126 
   16000 0.003851525 0.03539335 0.04710053  0.0403475  0.2783161  0.1633467 
   32000 0.002075994 0.02529551 0.03307387 0.02865594  0.2001104  0.1161672 
   64000 0.001093437 0.01762612 0.02307112  0.0208975  0.1432223 0.08222043 
  128000 0.0005712149 0.01279591 0.01673348 0.01532273  0.1004875 0.05840707 
  256000 0.0002464451 0.009052104 0.01168694 0.01046594 0.07150063 0.04112777 
  512000 0.0001168606 0.006112342 0.007903438 0.007453223 0.05072711 0.02927015 
 1000000 6.320074e-05 0.004393149 0.00573528 0.00513826 0.03613728 0.02095122 

# /home/tomfy/mcmc_toy/src/mcmc_toy; 3; 1; 0.0; 1.0; 1.0; 1000000; 1; 1; 1; gaussian; 0.719; 3.26816386833263; 0; 4; 360; 934840; mcmc; 1; 
# n_dimensions: 3 
# n_peaks: 1 
# peak 0; position,sigma,weight:  0.00000  1.00000  1.00000 
# target mean, variance:                0                1 
# burn-in, mcmc steps: 0 1000000 
# n temperatures: 1 
#  T, rate, Proposal(shape,W1,W2,p1):   1.00000  1.00000      gaussian  0.71900  3.26816  0.00000 
#  n_bins: 4 n_bins_1d: 360 
# seed: 934840  chain_type: mcmc neighbor_swap_only: 1 
    1000 0.07643375  0.1559097  0.1998837    0.19524  0.8460078  0.6639444 
    2000 0.04354719   0.112034  0.1455169   0.143825    0.73592  0.5174033 
    4000 0.02070637 0.07937334  0.1003918   0.101115  0.6008728  0.3894361 
    8000 0.01006442 0.05627843 0.06980591 0.07030375  0.4644149  0.2835492 
   16000 0.00519039 0.03969343 0.05055058   0.049075  0.3432589  0.2038546 
   32000 0.00281032 0.02775834 0.03616502 0.03534844    0.24621  0.1440609 
   64000 0.001363429 0.02058778 0.02730213 0.02524578  0.1776352  0.1027264 
  128000 0.000642767 0.01427387 0.01876437 0.01841625  0.1260689 0.07268753 
  256000 0.0002984869 0.01022689 0.01308853 0.01245473 0.08886225 0.05171303 
  512000 0.0001376899 0.007417667 0.009626974 0.008689746 0.06331832  0.0364692 
 1000000 7.401853e-05 0.005151567 0.006650535  0.0063011 0.04521238 0.02616222 

