#  nT     T_hot    cold_rate  n_pi_eval  gen    n_try    n_acc    tvd_ndim   tvd_orth   tvd_refl   tvd_1d1   tvd_1dall     dmusq      ksd       edfs       sq_avg_q    sq_avg_p      T 
    1    1.0000          1     1000     1000     1000       70    0.491625      0.218      0.195  0.8223333  0.6417778   0.1177928  0.1307602  0.2132853     0.0016         -1        1  
    1    1.0000          1     2000     2000     2000      138      0.3925      0.149     0.1215  0.7169444  0.4982778  0.02533972 0.07716158  0.1218923   0.006724         -1        1  
    1    1.0000          1     4000     4000     4000      284    0.287625      0.105    0.12075  0.5690833  0.3768889  0.01547573 0.09551524  0.1407741 0.00018225         -1        1  
    1    1.0000          1     8000     8000     8000      536    0.226875    0.04225    0.10725  0.4512083  0.2834583  0.01153102  0.0465555 0.04324711 0.00133225         -1        1  
    1    1.0000          1    16000    16000    16000     1055   0.1571875      0.021  0.1040625  0.3399167  0.2191042  0.007726621 0.02772806 0.03698621 6.601563e-05         -1        1  
    1    1.0000          1    32000    32000    32000     2148   0.1001875 0.03190625 0.04353125  0.2471771  0.1478472  0.003276843 0.01853023 0.02398858 0.0001279727         -1        1  
    1    1.0000          1    64000    64000    64000     4190  0.07867187 0.02164063   0.032875  0.1807517  0.1004045  0.002348989 0.02076461 0.02508449 0.0003550869         -1        1  
    1    1.0000          1   128000   128000   128000     8407  0.05415625 0.007781251 0.01870313  0.1240486  0.0754835  0.0007689495 0.01286579 0.01387061 5.766504e-05         -1        1  
    1    1.0000          1   256000   256000   256000    16799  0.03946484 0.01076172 0.01012109 0.09004341 0.05317274  0.0006770233 0.01383158 0.01823391 3.008057e-06         -1        1  
    1    1.0000          1   512000   512000   512000    33573  0.02455078 0.007636718 0.004912111 0.06359549 0.03662175  0.0002151093 0.007138171 0.007767043 1.316896e-05         -1        1  
    1    1.0000          1  1000000  1000000  1000000    66167    0.019163 0.006844998 0.006372999 0.04464646 0.02562522  0.0001859482 0.007957117 0.008550043 5.47896e-05         -1        1  
