# T:          1         0        0      31250     9531     31250    21118 
# T:    1.33733         0        0      31250     9286     31250    21933 
# T:    1.78845         0        0      31250     9454     31250    22452 
# T:    2.39175         0        0      31250     9356     31250    23376 
# T:    3.19855         0        0      31250     9381     31250    23805 
# T:    4.27752         0        0      31250     9442     31250    24165 
# T:    5.72045         0        0      31250     9423     31250    24162 
# T:    7.65013         0        0      31250     9467     31250    24229 
# T:    10.2307         0        0      31250     9566     31250    24495 
# T:    13.6819         0        0      31250     9675     31250    24587 
# T:    18.2972         0        0      31250    10354     31250    25058 
# T:    24.4693         0        0      31250    11659     31250    25660 
# T:    32.7236         0        0      31250    13282     31250    26192 
# T:    43.7622         0        0      31250    15151     31250    26731 
# T:    58.5245         0        0      31250    17040     31250    27322 
# T:    78.2665         0        0      31250    18626     31250    27730 
# T:    104.668         0        0      31250    19659     31250    27860 
# T:    139.976         0        0      31250    20617     31250    27972 
# T:    187.194         0        0      31250    20853     31250    27942 
# T:    250.339         0        0      31250    20618     31250    27751 
# T:    334.786         0        0      31250    20292     31250    27630 
# T:     447.72         0        0      31250    19576     31250    27474 
# T:    598.749         0        0      31250    19133     31250    27137 
# T:    800.724         0        0      31250    18536     31250    26928 
# T:    1070.83         0        0      31250    17849     31250    26698 
# T:    1432.05         0        0      31250    16945     31250    26492 
# T:    1915.13         0        0      31250    16061     31250    26268 
# T:    2561.16         0        0      31250    15467     31250    25958 
# T:    3425.11         0        0      31250    14761     31250    25802 
# T:     4580.5         0        0      31250    14240     31250    25654 
# T:    6125.64         0        0      31250    13674     31250    25377 
# T:       8192         0        0      31250    13096 
