# T:          1         0        0      62500    22157     62500    35443 
# T:    1.82344         0        0      62500    22478     62500    39510 
# T:    3.32495         0        0      62500    22257     62500    42280 
# T:    6.06287         0        0      62500    22176     62500    43503 
# T:    11.0553         0        0      62500    22822     62500    44290 
# T:    20.1587         0        0      62500    26673     62500    46494 
# T:    36.7583         0        0      62500    34052     62500    49961 
# T:    67.0268         0        0      62500    41143     62500    52824 
# T:     122.22         0        0      62500    44800     62500    53784 
# T:    222.861         0        0      62500    45527     62500    53811 
# T:    406.375         0        0      62500    44332     62500    52868 
# T:    741.002         0        0      62500    41400     62500    51622 
# T:    1351.18         0        0      62500    38250     62500    50125 
# T:     2463.8         0        0      62500    35202     62500    48797 
# T:     4492.6         0        0      62500    32293     62500    47880 
# T:       8192         0        0      62500    29893 
