#  nT     T_hot    cold_rate  n_pi_eval  gen    n_try    n_acc    tvd_ndim   tvd_orth   tvd_refl   tvd_1d1   tvd_1dall     dmusq      ksd       edfs       sq_avg_q    sq_avg_p      T 
    4 23170.4750          1     4000     1000     1000      360      0.4315      0.309      0.309  0.5453333     0.4515   0.3472134  0.2970024   0.457036   0.001764         -1        1  
    4 23170.4750          1     8000     2000     2000      715        0.43     0.3225     0.3225  0.4478889  0.3835834   0.3508098  0.2983436  0.4589345   0.004225         -1        1  
    4 23170.4750          1    16000     4000     4000     1426     0.43275    0.28375    0.28375  0.3744167  0.3358889   0.3515251  0.2990936  0.5195469 0.00366025         -1        1  
    4 23170.4750          1    32000     8000     8000     2853       0.235      0.154      0.154  0.2743056  0.2179514   0.0612223   0.112906  0.2105264 0.0007980625         -1        1  
    4 23170.4750          1    64000    16000    16000     5641     0.14875    0.12475    0.12475  0.2337987  0.1397257  0.04630274  0.1741385   0.236037   0.000289         -1        1  
    4 23170.4750          1   128000    32000    32000    11398     0.10425   0.087625   0.087625  0.1529167 0.08747395  0.02659866  0.1218986  0.1775135 0.0007055664         -1        1  
    4 23170.4750          1   256000    64000    64000    22879  0.02914063 0.01992188 0.01992188 0.07259199  0.0538039  0.0004872432 0.02798802 0.04022491 0.0004113291         -1        1  
    4 23170.4750          1   512000   128000   128000    45586  0.05498438 0.04420313 0.04420313 0.05171784  0.0516003  0.004805172 0.01229346 0.03095823 5.766504e-05         -1        1  
    4 23170.4750          1  1000000   250000   250000    89139    0.038036   0.023696   0.023696 0.04361736  0.0381445  0.0007913908 0.02468284 0.03749768 3.3856e-08         -1        1  
