# T:          1         0        0      90910    24352     90910     4220 
# T:          3         0        0      90910    24528     90910    10924 
# T:          9         0        0      90910    24319     90910    12589 
# T:         27         0        0      90910    24416     90910    13271 
# T:         81         0        0      90910    27233     90910    23647 
# T:        243         0        0      90910    42709     90910    39652 
# T:        729         0        0      90910    54487     90910    38071 
# T:       2187         0        0      90910    51167     90910    29965 
# T:       6561         0        0      90910    44158     90910    23436 
# T:      19683         0        0      90910    37562     90910    18290 
# T:      59049         0        0      90910    32561 
