# T:          1         0        0      31250     8784     31250    17857 
# T:    1.38294         0        0      31250     8817     31250    19126 
# T:    1.91253         0        0      31250     8695     31250    20316 
# T:    2.64492         0        0      31250     8645     31250    21089 
# T:    3.65778         0        0      31250     8713     31250    21258 
# T:     5.0585         0        0      31250     8771     31250    21823 
# T:    6.99562         0        0      31250     8741     31250    21846 
# T:    9.67454         0        0      31250     8591     31250    21907 
# T:    13.3793         0        0      31250     8670     31250    21874 
# T:    18.5029         0        0      31250     8856     31250    21913 
# T:    25.5884         0        0      31250     8607     31250    21892 
# T:    35.3873         0        0      31250     8772     31250    22038 
# T:    48.9387         0        0      31250     8839     31250    22348 
# T:    67.6794         0        0      31250     9382     31250    22695 
# T:    93.5968         0        0      31250    10399     31250    23247 
# T:    129.439         0        0      31250    11840     31250    24217 
# T:    179.007         0        0      31250    13764     31250    25218 
# T:    247.556         0        0      31250    15879     31250    26085 
# T:    342.356         0        0      31250    17536     31250    26476 
# T:    473.459         0        0      31250    18637     31250    26539 
# T:    654.767         0        0      31250    19490     31250    26521 
# T:    905.506         0        0      31250    19482     31250    26296 
# T:    1252.26         0        0      31250    19482     31250    26147 
# T:    1731.81         0        0      31250    19035     31250    25752 
# T:    2394.99         0        0      31250    18190     31250    25388 
# T:    3312.14         0        0      31250    17338     31250    25048 
# T:     4580.5         0        0      31250    16621     31250    24722 
# T:    6334.58         0        0      31250    15829     31250    24320 
# T:    8760.36         0        0      31250    14948     31250    24001 
# T:    12115.1         0        0      31250    14264     31250    23805 
# T:    16754.5         0        0      31250    13567     31250    23729 
# T:    23170.5         0        0      31250    13085 
