# T:          1         0        0      62500    19885     62500    23646 
# T:    1.95432         0        0      62500    19981     62500    27935 
# T:    3.81937         0        0      62500    20075     62500    33211 
# T:    7.46426         0        0      62500    19998     62500    35843 
# T:    14.5876         0        0      62500    19767     62500    36579 
# T:    28.5088         0        0      62500    20153     62500    37639 
# T:    55.7152         0        0      62500    21064     62500    38561 
# T:    108.885         0        0      62500    26600     62500    43105 
# T:    212.797         0        0      62500    35162     62500    47767 
# T:    415.873         0        0      62500    41353     62500    49668 
# T:    812.749         0        0      62500    43032     62500    49774 
# T:    1588.37         0        0      62500    41835     62500    48055 
# T:    3104.19         0        0      62500    38752     62500    46280 
# T:    6066.58         0        0      62500    35240     62500    44427 
# T:      11856         0        0      62500    32008     62500    42675 
# T:    23170.5         0        0      62500    29023 
