#  nT     T_hot    cold_rate  n_pi_eval  gen    n_try    n_acc    tvd_ndim   tvd_orth   tvd_refl   tvd_1d1   tvd_1dall     dmusq      ksd       edfs       sq_avg_q    sq_avg_p      T 
    4 23170.4750          1     4000     1000     1000      280   0.9848633   0.984375    0.32425  0.6572222  0.2999444    1.496789    0.50632 0.02020321   0.000676         -1        1  
    4 23170.4750          1     8000     2000     2000      571   0.9702148    0.96875    0.22175  0.5798888  0.2290833   0.5332848  0.5023563 0.02166664    3.6e-05         -1        1  
    4 23170.4750          1    16000     4000     4000     1093   0.9692383    0.96875     0.1445  0.5325277  0.1819027   0.6716293   0.500749 0.02516677  2.025e-05         -1        1  
    4 23170.4750          1    32000     8000     8000     2199   0.9691133   0.968625     0.0945       0.51  0.1716944    0.999989   0.500999   0.324375     0.0016         -1        1  
    4 23170.4750          1    64000    16000    16000     4348   0.9535332    0.95275    0.07075  0.5005764 0.09613887   0.6238026  0.4998835  0.4930863 0.0004730625         -1        1  
    4 23170.4750          1   128000    32000    32000     8825    0.939207    0.93725 0.05096875  0.4555313 0.06110248   0.7559829  0.4557338  0.4518952 0.0002030625         -1        1  
    4 23170.4750          1   256000    64000    64000    17830   0.9136621   0.906125 0.03621875  0.4234688 0.08177346   0.5695521  0.4235604  0.4238352 8.628906e-06         -1        1  
    4 23170.4750          1   512000   128000   128000    35683   0.8817109   0.880125 0.02795312  0.2200903 0.07616754   0.2317852  0.2201571   0.220429 1.489478e-05         -1        1  
    4 23170.4750          1  1000000   250000   250000    69869   0.7780557   0.770897   0.019322 0.04024403 0.04259845    0.282094 0.007811005 0.001552752 1.907942e-05         -1        1  
