# T:          1         0        0      90910    40331     90910    60625 
# T:          3         0        0      90910    40530     90910    60670 
# T:          9         0        0      90910    40388     90910    60791 
# T:         27         0        0      90910    40487     90910    60594 
# T:         81         0        0      90910    42357     90910    61758 
# T:        243         0        0      90910    51891     90910    66508 
# T:        729         0        0      90910    54689     90910    67669 
# T:       2187         0        0      90910    50237     90910    65682 
# T:       6561         0        0      90910    46382     90910    63761 
# T:      19683         0        0      90910    43855     90910    62587 
# T:      59049         0        0      90910    42321 
