# /home/tomfy/mcmc_toy/src/mcmc_toy; 1; 2; -0.5; 0.015625; 0.5; 0.5; 0.015625; 0.5; 1000000; 1; 1; 1; gaussian; 1; 0.0371875; 0; 4; 360; 128838; mcmc; 1; 
# n_dimensions: 1 
# n_peaks: 2 
# peak 0; position,sigma,weight: -0.50000  0.01562  0.50000 
# peak 1; position,sigma,weight:  0.50000  0.01562  0.50000 
# target mean, variance:                0   0.250244140625 
# burn-in, mcmc steps: 0 1000000 
# n temperatures: 1 
#  T, rate, Proposal(shape,W1,W2,p1):   1.00000  1.00000      gaussian  1.00000  0.03719  0.00000 
#  n_bins: 4 n_bins_1d: 360 
# seed: 128838  chain_type: mcmc neighbor_swap_only: 1 
    1000  0.2498838  0.5016972 0.02358275        0.5  0.5894089  0.5894089 
    2000  0.2500466   0.500968 0.02528003        0.5  0.5364594  0.5364594 
    4000  0.2500138   0.500407 0.02671284        0.5  0.5101936  0.5101936 
    8000  0.2500033  0.5002001 0.02808918        0.5  0.5016764  0.5016764 
   16000    0.24997  0.5000941 0.02984438        0.5  0.5000907  0.5000907 
   32000  0.2499896  0.5000451 0.03110025        0.5        0.5        0.5 
   64000  0.2499951  0.5000232 0.03221834        0.5        0.5        0.5 
  128000  0.2499824   0.500015 0.03286844        0.5        0.5        0.5 
  256000  0.2499934  0.5000066 0.03442171        0.5        0.5        0.5 
  512000  0.2500025  0.5000035 0.03549379        0.5        0.5        0.5 
 1000000  0.2500019   0.500002 0.03642152        0.5        0.5        0.5 

# /home/tomfy/mcmc_toy/src/mcmc_toy; 1; 2; -0.5; 0.015625; 0.5; 0.5; 0.015625; 0.5; 1000000; 1; 1; 1; gaussian; 1; 0.052583125; 0; 4; 360; 833792; mcmc; 1; 
# n_dimensions: 1 
# n_peaks: 2 
# peak 0; position,sigma,weight: -0.50000  0.01562  0.50000 
# peak 1; position,sigma,weight:  0.50000  0.01562  0.50000 
# target mean, variance:                0   0.250244140625 
# burn-in, mcmc steps: 0 1000000 
# n temperatures: 1 
#  T, rate, Proposal(shape,W1,W2,p1):   1.00000  1.00000      gaussian  1.00000  0.05258  0.00000 
#  n_bins: 4 n_bins_1d: 360 
# seed: 833792  chain_type: mcmc neighbor_swap_only: 1 
    1000  0.2498159  0.5019099 0.02325752        0.5  0.6210967  0.6210967 
    2000  0.2499359  0.5009999 0.02481573        0.5   0.556595   0.556595 
    4000  0.2499431   0.500482 0.02628517        0.5  0.5199122  0.5199122 
    8000   0.249987  0.5002952 0.02769243        0.5   0.504586   0.504586 
   16000  0.2499922   0.500115 0.02927439        0.5  0.5003883  0.5003883 
   32000  0.2500156  0.5000529  0.0310194        0.5  0.5000037  0.5000037 
   64000  0.2499941  0.5000268 0.03219646        0.5        0.5        0.5 
  128000  0.2500001   0.500014 0.03345042        0.5        0.5        0.5 
  256000  0.2499969  0.5000068 0.03455329        0.5        0.5        0.5 
  512000  0.2499959  0.5000035 0.03597484        0.5        0.5        0.5 
 1000000  0.2499982  0.5000018 0.03673594        0.5        0.5        0.5 

# /home/tomfy/mcmc_toy/src/mcmc_toy; 1; 2; -0.5; 0.015625; 0.5; 0.5; 0.015625; 0.5; 1000000; 1; 1; 1; gaussian; 1; 0.07435253875; 0; 4; 360; 321069; mcmc; 1; 
# n_dimensions: 1 
# n_peaks: 2 
# peak 0; position,sigma,weight: -0.50000  0.01562  0.50000 
# peak 1; position,sigma,weight:  0.50000  0.01562  0.50000 
# target mean, variance:                0   0.250244140625 
# burn-in, mcmc steps: 0 1000000 
# n temperatures: 1 
#  T, rate, Proposal(shape,W1,W2,p1):   1.00000  1.00000      gaussian  1.00000  0.07435  0.00000 
#  n_bins: 4 n_bins_1d: 360 
# seed: 321069  chain_type: mcmc neighbor_swap_only: 1 
    1000  0.2499777  0.5025623 0.02297958        0.5  0.6653722  0.6653722 
    2000  0.2499863  0.5012258 0.02469104        0.5  0.5873089  0.5873089 
    4000  0.2500153  0.5006073 0.02630284        0.5  0.5365278  0.5365278 
    8000  0.2500047    0.50026 0.02798405        0.5  0.5110343  0.5110343 
   16000  0.2500105   0.500114 0.02951136        0.5  0.5020144  0.5020144 
   32000  0.2500213  0.5000555 0.03070432        0.5  0.5000923  0.5000923 
   64000  0.2500113  0.5000276 0.03206748        0.5        0.5        0.5 
  128000   0.250017  0.5000135 0.03342249        0.5        0.5        0.5 
  256000  0.2500027  0.5000058 0.03473197        0.5        0.5        0.5 
  512000  0.2499993  0.5000031 0.03588105        0.5        0.5        0.5 
 1000000  0.2500001  0.5000015 0.03707544        0.5        0.5        0.5 

# /home/tomfy/mcmc_toy/src/mcmc_toy; 1; 2; -0.5; 0.015625; 0.5; 0.5; 0.015625; 0.5; 1000000; 1; 1; 1; gaussian; 1; 0.1051344897925; 0; 4; 360; 173459; mcmc; 1; 
# n_dimensions: 1 
# n_peaks: 2 
# peak 0; position,sigma,weight: -0.50000  0.01562  0.50000 
# peak 1; position,sigma,weight:  0.50000  0.01562  0.50000 
# target mean, variance:                0   0.250244140625 
# burn-in, mcmc steps: 0 1000000 
# n temperatures: 1 
#  T, rate, Proposal(shape,W1,W2,p1):   1.00000  1.00000      gaussian  1.00000  0.10513  0.00000 
#  n_bins: 4 n_bins_1d: 360 
# seed: 173459  chain_type: mcmc neighbor_swap_only: 1 
    1000  0.2499304    0.50279 0.02294728        0.5  0.7111911  0.7111911 
    2000  0.2501013  0.5012929 0.02436118        0.5    0.62359    0.62359 
    4000  0.2500208   0.500681 0.02559108        0.5  0.5587103  0.5587103 
    8000  0.2499443  0.5002943 0.02719096        0.5  0.5214022  0.5214022 
   16000  0.2499539  0.5001359 0.02867897        0.5  0.5050363  0.5050363 
   32000  0.2499663  0.5000619 0.03058211        0.5  0.5006865  0.5006865 
   64000  0.2499938  0.5000332 0.03155471        0.5  0.5000183  0.5000183 
  128000  0.2499958  0.5000154 0.03281723        0.5        0.5        0.5 
  256000  0.2499931  0.5000077 0.03385262        0.5        0.5        0.5 
  512000  0.2499995  0.5000045 0.03539914        0.5        0.5        0.5 
 1000000  0.2500058  0.5000022 0.03642844        0.5        0.5        0.5 

# /home/tomfy/mcmc_toy/src/mcmc_toy; 1; 2; -0.5; 0.015625; 0.5; 0.5; 0.015625; 0.5; 1000000; 1; 1; 1; gaussian; 1; 0.148660168566595; 0; 4; 360; 800287; mcmc; 1; 
# n_dimensions: 1 
# n_peaks: 2 
# peak 0; position,sigma,weight: -0.50000  0.01562  0.50000 
# peak 1; position,sigma,weight:  0.50000  0.01562  0.50000 
# target mean, variance:                0   0.250244140625 
# burn-in, mcmc steps: 0 1000000 
# n temperatures: 1 
#  T, rate, Proposal(shape,W1,W2,p1):   1.00000  1.00000      gaussian  1.00000  0.14866  0.00000 
#  n_bins: 4 n_bins_1d: 360 
# seed: 800287  chain_type: mcmc neighbor_swap_only: 1 
    1000  0.2499135  0.5055213 0.02176056        0.5  0.7667589  0.7667589 
    2000  0.2500244  0.5023244 0.02365133        0.5  0.6710172  0.6710172 
    4000  0.2500439  0.5008758 0.02563516        0.5  0.5894258  0.5894258 
    8000  0.2499454  0.5003963 0.02718228        0.5  0.5376979  0.5376979 
   16000  0.2499494  0.5001952 0.02847033        0.5  0.5112309  0.5112309 
   32000  0.2499741  0.5001066 0.03019194        0.5  0.5019812  0.5019812 
   64000  0.2499497   0.500049 0.03168998        0.5  0.5001433  0.5001433 
  128000  0.2499785  0.5000282 0.03302714        0.5        0.5        0.5 
  256000  0.2499919  0.5000121 0.03428719        0.5        0.5        0.5 
  512000  0.2500064  0.5000066 0.03530372        0.5        0.5        0.5 
 1000000  0.2500001  0.5000027 0.03659041        0.5        0.5        0.5 

# /home/tomfy/mcmc_toy/src/mcmc_toy; 1; 2; -0.5; 0.015625; 0.5; 0.5; 0.015625; 0.5; 1000000; 1; 1; 1; gaussian; 1; 0.210205478353165; 0; 4; 360; 137486; mcmc; 1; 
# n_dimensions: 1 
# n_peaks: 2 
# peak 0; position,sigma,weight: -0.50000  0.01562  0.50000 
# peak 1; position,sigma,weight:  0.50000  0.01562  0.50000 
# target mean, variance:                0   0.250244140625 
# burn-in, mcmc steps: 0 1000000 
# n temperatures: 1 
#  T, rate, Proposal(shape,W1,W2,p1):   1.00000  1.00000      gaussian  1.00000  0.21021  0.00000 
#  n_bins: 4 n_bins_1d: 360 
# seed: 137486  chain_type: mcmc neighbor_swap_only: 1 
    1000  0.2502231  0.5074045 0.02061387        0.5  0.8094767  0.8094767 
    2000   0.250015  0.5036374 0.02303176        0.5  0.7158156  0.7158156 
    4000  0.2478013  0.4985311 0.02615374  0.4969125  0.6276431  0.6276431 
    8000  0.2476756  0.4973672 0.02756391  0.4965438  0.5595326  0.5595326 
   16000  0.2450999   0.492969 0.03405843  0.4924681  0.5182008  0.5182008 
   32000  0.2373955  0.4817884 0.04803148  0.4812484   0.491173   0.491173 
   64000  0.2246855  0.4615071 0.05782586  0.4612508  0.4670664  0.4670664 
  128000  0.2141521  0.4474196 0.07774012  0.4473512  0.4497593  0.4497593 
  256000   0.203491  0.4319871 0.09593679  0.4319461  0.4334352  0.4334352 
  512000  0.1657285  0.3705069  0.1468195  0.3704424  0.3730099  0.3730099 
 1000000  0.1165731  0.2956397  0.1795377  0.2956114  0.2973153  0.2973153 

# /home/tomfy/mcmc_toy/src/mcmc_toy; 1; 2; -0.5; 0.015625; 0.5; 0.5; 0.015625; 0.5; 1000000; 1; 1; 1; gaussian; 1; 0.297230546391376; 0; 4; 360; 976294; mcmc; 1; 
# n_dimensions: 1 
# n_peaks: 2 
# peak 0; position,sigma,weight: -0.50000  0.01562  0.50000 
# peak 1; position,sigma,weight:  0.50000  0.01562  0.50000 
# target mean, variance:                0   0.250244140625 
# burn-in, mcmc steps: 0 1000000 
# n temperatures: 1 
#  T, rate, Proposal(shape,W1,W2,p1):   1.00000  1.00000      gaussian  1.00000  0.29723  0.00000 
#  n_bins: 4 n_bins_1d: 360 
# seed: 976294  chain_type: mcmc neighbor_swap_only: 1 
    1000  0.2242391  0.4755854 0.06272557     0.4619    0.85326    0.85326 
    2000  0.1853442  0.4113662 0.08713363   0.397155  0.7582511  0.7582511 
    4000  0.1444825  0.3515499  0.1516956   0.341365  0.6361661  0.6361661 
    8000   0.105968  0.2836017  0.2077414    0.27606  0.5047757  0.5047757 
   16000 0.05845413  0.2018327   0.181505  0.1961094  0.3719783  0.3719783 
   32000 0.03014351  0.1432354  0.1397389  0.1397719  0.2662605  0.2662605 
   64000 0.01462729 0.09987724 0.09720052 0.09715047  0.1890626  0.1890626 
  128000 0.00704849 0.06998173   0.068521 0.06848977  0.1331667  0.1331667 
  256000 0.004483309 0.05480588  0.0535832 0.05354133 0.09720054 0.09720054 
  512000 0.002214806 0.03869159 0.03792464 0.03788779 0.06899546 0.06899546 
 1000000 0.0009640815 0.02501978 0.02438723 0.02436591 0.04807026 0.04807026 

# /home/tomfy/mcmc_toy/src/mcmc_toy; 1; 2; -0.5; 0.015625; 0.5; 0.5; 0.015625; 0.5; 1000000; 1; 1; 1; gaussian; 1; 0.420283992597405; 0; 4; 360; 73336; mcmc; 1; 
# n_dimensions: 1 
# n_peaks: 2 
# peak 0; position,sigma,weight: -0.50000  0.01562  0.50000 
# peak 1; position,sigma,weight:  0.50000  0.01562  0.50000 
# target mean, variance:                0   0.250244140625 
# burn-in, mcmc steps: 0 1000000 
# n temperatures: 1 
#  T, rate, Proposal(shape,W1,W2,p1):   1.00000  1.00000      gaussian  1.00000  0.42028  0.00000 
#  n_bins: 4 n_bins_1d: 360 
# seed: 73336  chain_type: mcmc neighbor_swap_only: 1 
    1000 0.07378582  0.2819288  0.1795338    0.22816  0.8769822  0.8769822 
    2000 0.04323832  0.2073442  0.1689708    0.17244  0.7846694  0.7846694 
    4000 0.02006642   0.145347  0.1173972  0.1175175  0.6573081  0.6573081 
    8000 0.01040193  0.1016308 0.08005648 0.07975375  0.5085717  0.5085717 
   16000 0.003662381 0.06417668 0.04871864 0.04842187  0.3724383  0.3724383 
   32000 0.002346417 0.04931671 0.03952594 0.03927969   0.266885   0.266885 
   64000 0.001337016 0.03641628 0.02910872 0.02893844  0.1908181  0.1908181 
  128000 0.000714836 0.02739539 0.02185653 0.02170672  0.1363845  0.1363845 
  256000 0.0002838889 0.01771866 0.01376992 0.01367754 0.09689118 0.09689118 
  512000 0.0001376022 0.01224397 0.009506566 0.009447617 0.06825469 0.06825469 
 1000000 7.451502e-05 0.008780484 0.006783787 0.00672897  0.0485561  0.0485561 

# /home/tomfy/mcmc_toy/src/mcmc_toy; 1; 2; -0.5; 0.015625; 0.5; 0.5; 0.015625; 0.5; 1000000; 1; 1; 1; gaussian; 1; 0.594281565532731; 0; 4; 360; 850024; mcmc; 1; 
# n_dimensions: 1 
# n_peaks: 2 
# peak 0; position,sigma,weight: -0.50000  0.01562  0.50000 
# peak 1; position,sigma,weight:  0.50000  0.01562  0.50000 
# target mean, variance:                0   0.250244140625 
# burn-in, mcmc steps: 0 1000000 
# n temperatures: 1 
#  T, rate, Proposal(shape,W1,W2,p1):   1.00000  1.00000      gaussian  1.00000  0.59428  0.00000 
#  n_bins: 4 n_bins_1d: 360 
# seed: 850024  chain_type: mcmc neighbor_swap_only: 1 
    1000 0.02582174  0.2122133  0.1314698    0.13375  0.8939478  0.8939478 
    2000 0.01318083   0.153389 0.09564783   0.094665  0.8092072  0.8092072 
    4000 0.006560112  0.1056954 0.06261658  0.0616575  0.6871233  0.6871233 
    8000 0.004221598  0.0819863 0.05266188 0.05205625  0.5431635  0.5431635 
   16000 0.002002334 0.05968731 0.03647135  0.0358375   0.403729   0.403729 
   32000 0.0008920915 0.04044426 0.02505345 0.02462812  0.2908797  0.2908797 
   64000 0.0004313906 0.02883944 0.01688652 0.01655859   0.207284   0.207284 
  128000 0.0002579456 0.02062558 0.01246671 0.01225219  0.1472564  0.1472564 
  256000 0.0001105405 0.01410799 0.008547325 0.008394219  0.1042662  0.1042662 
  512000 5.811134e-05 0.009940383 0.006211991 0.006110117  0.0737691  0.0737691 
 1000000 2.670693e-05 0.007071754 0.004229653 0.00414935 0.05307498 0.05307498 

# /home/tomfy/mcmc_toy/src/mcmc_toy; 1; 2; -0.5; 0.015625; 0.5; 0.5; 0.015625; 0.5; 1000000; 1; 1; 1; gaussian; 1; 0.840314133663281; 0; 4; 360; 126737; mcmc; 1; 
# n_dimensions: 1 
# n_peaks: 2 
# peak 0; position,sigma,weight: -0.50000  0.01562  0.50000 
# peak 1; position,sigma,weight:  0.50000  0.01562  0.50000 
# target mean, variance:                0   0.250244140625 
# burn-in, mcmc steps: 0 1000000 
# n temperatures: 1 
#  T, rate, Proposal(shape,W1,W2,p1):   1.00000  1.00000      gaussian  1.00000  0.84031  0.00000 
#  n_bins: 4 n_bins_1d: 360 
# seed: 126737  chain_type: mcmc neighbor_swap_only: 1 
    1000 0.02048799   0.206642  0.1153202    0.11539    0.90776    0.90776 
    2000  0.0131154  0.1574866 0.09024102    0.09002  0.8359056  0.8359056 
    4000 0.007051503  0.1177463 0.07127084   0.069815  0.7233797  0.7233797 
    8000 0.003285535 0.08002749 0.04757442 0.04677875  0.5781661  0.5781661 
   16000 0.001348873 0.05496325 0.03033971 0.02971625  0.4339131  0.4339131 
   32000 0.0006044686 0.03830937 0.02019905 0.01969969   0.315836   0.315836 
   64000 0.0003127881 0.02771899 0.01454973 0.01417063  0.2257191  0.2257191 
  128000 0.0001636103 0.02000903 0.01094149 0.01067859  0.1604974  0.1604974 
  256000 8.798825e-05 0.01445198 0.007578034 0.007381445  0.1135102  0.1135102 
  512000 4.115424e-05 0.009757618 0.005283658 0.005157988 0.08058381 0.08058381 
 1000000 2.010574e-05 0.006839817 0.003657141 0.00355878 0.05740703 0.05740703 

# /home/tomfy/mcmc_toy/src/mcmc_toy; 1; 2; -0.5; 0.015625; 0.5; 0.5; 0.015625; 0.5; 1000000; 1; 1; 1; gaussian; 1; 1.18820418499988; 0; 4; 360; 247462; mcmc; 1; 
# n_dimensions: 1 
# n_peaks: 2 
# peak 0; position,sigma,weight: -0.50000  0.01562  0.50000 
# peak 1; position,sigma,weight:  0.50000  0.01562  0.50000 
# target mean, variance:                0   0.250244140625 
# burn-in, mcmc steps: 0 1000000 
# n temperatures: 1 
#  T, rate, Proposal(shape,W1,W2,p1):   1.00000  1.00000      gaussian  1.00000  1.18820  0.00000 
#  n_bins: 4 n_bins_1d: 360 
# seed: 247462  chain_type: mcmc neighbor_swap_only: 1 
    1000 0.01915204  0.2196106  0.1113848    0.11358  0.9257478  0.9257478 
    2000 0.01140525  0.1620528 0.09142839     0.0881  0.8601439  0.8601439 
    4000 0.005670953  0.1175467 0.06086365   0.059625  0.7608728  0.7608728 
    8000 0.002515676 0.08295216 0.04135986   0.040435  0.6258871  0.6258871 
   16000 0.001152541  0.0591943 0.02812348 0.02720063  0.4778988  0.4778988 
   32000 0.0005928817 0.04207089 0.01997443 0.01933312   0.348323   0.348323 
   64000 0.0003027885 0.02880652 0.01448087 0.01406547  0.2500903  0.2500903 
  128000 0.0001575296 0.02090909 0.009832373 0.009506016  0.1783742  0.1783742 
  256000 7.178606e-05 0.01455558 0.006567986 0.006325781  0.1268893  0.1268893 
  512000 3.359745e-05 0.01054458 0.004710259 0.004539414 0.08967662 0.08967662 
 1000000 1.497205e-05 0.007371238 0.003064502 0.00292329 0.06478214 0.06478214 

# /home/tomfy/mcmc_toy/src/mcmc_toy; 1; 2; -0.5; 0.015625; 0.5; 0.5; 0.015625; 0.5; 1000000; 1; 1; 1; gaussian; 1; 1.68012071758983; 0; 4; 360; 188819; mcmc; 1; 
# n_dimensions: 1 
# n_peaks: 2 
# peak 0; position,sigma,weight: -0.50000  0.01562  0.50000 
# peak 1; position,sigma,weight:  0.50000  0.01562  0.50000 
# target mean, variance:                0   0.250244140625 
# burn-in, mcmc steps: 0 1000000 
# n temperatures: 1 
#  T, rate, Proposal(shape,W1,W2,p1):   1.00000  1.00000      gaussian  1.00000  1.68012  0.00000 
#  n_bins: 4 n_bins_1d: 360 
# seed: 188819  chain_type: mcmc neighbor_swap_only: 1 
    1000  0.0283508  0.2580298  0.1408678    0.13677  0.9445233  0.9445233 
    2000 0.01408597  0.1864534 0.09442572    0.09271  0.8948906  0.8948906 
    4000 0.006553578  0.1284975 0.06756887  0.0662025  0.8075908  0.8075908 
    8000 0.004164814 0.09707013 0.05439204  0.0533925  0.6827304  0.6827304 
   16000 0.002250493 0.07067021 0.03900394 0.03810125  0.5345724  0.5345724 
   32000 0.001002321 0.05007514   0.026598 0.02596406  0.3949812  0.3949812 
   64000 0.0004575054 0.03455832 0.01801601   0.017545  0.2853236  0.2853236 
  128000 0.0001764752 0.02410872 0.01124452 0.01083766  0.2033589  0.2033589 
  256000 9.709239e-05 0.01712508 0.008133108 0.007873242  0.1447421  0.1447421 
  512000 6.105254e-05 0.01259944 0.006426296 0.006246074  0.1020262  0.1020262 
 1000000 2.531797e-05 0.008556472 0.004051895 0.00392756 0.07311261 0.07311261 

# /home/tomfy/mcmc_toy/src/mcmc_toy; 1; 2; -0.5; 0.015625; 0.5; 0.5; 0.015625; 0.5; 1000000; 1; 1; 1; gaussian; 1; 2.37569069467202; 0; 4; 360; 885221; mcmc; 1; 
# n_dimensions: 1 
# n_peaks: 2 
# peak 0; position,sigma,weight: -0.50000  0.01562  0.50000 
# peak 1; position,sigma,weight:  0.50000  0.01562  0.50000 
# target mean, variance:                0   0.250244140625 
# burn-in, mcmc steps: 0 1000000 
# n temperatures: 1 
#  T, rate, Proposal(shape,W1,W2,p1):   1.00000  1.00000      gaussian  1.00000  2.37569  0.00000 
#  n_bins: 4 n_bins_1d: 360 
# seed: 885221  chain_type: mcmc neighbor_swap_only: 1 
    1000  0.0318952  0.2829447  0.1469295    0.14776  0.9545333  0.9545333 
    2000  0.0167905  0.2076392  0.1044182   0.103955  0.9155367  0.9155367 
    4000 0.007626554     0.1461 0.07123937   0.068725  0.8495861  0.8495861 
    8000 0.004300541   0.107065   0.055051  0.0537375  0.7434107  0.7434107 
   16000 0.001995641 0.07716752 0.03656098 0.03536562  0.6003763  0.6003763 
   32000 0.001216308 0.05771395 0.02839259 0.02759719   0.453895   0.453895 
   64000 0.0005084598 0.03972338 0.01949065 0.01894156  0.3312713  0.3312713 
  128000 0.0002171707 0.02692436 0.01244155 0.01203797  0.2361755  0.2361755 
  256000 9.459622e-05 0.01876448 0.008501576 0.008199883  0.1683555  0.1683555 
  512000 5.553688e-05 0.01350543 0.006196599 0.005991797  0.1199711  0.1199711 
 1000000 3.24116e-05 0.009677144 0.004805098 0.00466394 0.08558369 0.08558369 

# /home/tomfy/mcmc_toy/src/mcmc_toy; 1; 2; -0.5; 0.015625; 0.5; 0.5; 0.015625; 0.5; 1000000; 1; 1; 1; gaussian; 1; 3.35922664226623; 0; 4; 360; 376100; mcmc; 1; 
# n_dimensions: 1 
# n_peaks: 2 
# peak 0; position,sigma,weight: -0.50000  0.01562  0.50000 
# peak 1; position,sigma,weight:  0.50000  0.01562  0.50000 
# target mean, variance:                0   0.250244140625 
# burn-in, mcmc steps: 0 1000000 
# n temperatures: 1 
#  T, rate, Proposal(shape,W1,W2,p1):   1.00000  1.00000      gaussian  1.00000  3.35923  0.00000 
#  n_bins: 4 n_bins_1d: 360 
# seed: 376100  chain_type: mcmc neighbor_swap_only: 1 
    1000 0.03927053  0.3277914  0.1623235    0.16136  0.9662578  0.9662578 
    2000 0.02333773  0.2358322  0.1243261    0.12393  0.9372489  0.9372489 
    4000 0.01054941  0.1686013 0.08689828  0.0839575   0.885425   0.885425 
    8000 0.00516254  0.1215169 0.05560528 0.05397375  0.7988351  0.7988351 
   16000 0.003024269 0.09084887 0.04478271  0.0436775  0.6724846  0.6724846 
   32000 0.001249382 0.05922863 0.02809507   0.027275  0.5210739  0.5210739 
   64000 0.0005090829 0.04259494 0.01847057 0.01777656  0.3837629  0.3837629 
  128000 0.0002267458 0.02992034 0.01253793 0.01203914  0.2772286  0.2772286 
  256000 9.679468e-05 0.02186681 0.007974202 0.007557852   0.196382   0.196382 
  512000 7.017439e-05 0.01614442 0.00686956 0.006591211  0.1403033  0.1403033 
 1000000 4.862758e-05  0.0116582 0.005720781 0.00555428  0.1004196  0.1004196 

# /home/tomfy/mcmc_toy/src/mcmc_toy; 1; 2; -0.5; 0.015625; 0.5; 0.5; 0.015625; 0.5; 1000000; 1; 1; 1; gaussian; 1; 4.74994647216446; 0; 4; 360; 344220; mcmc; 1; 
# n_dimensions: 1 
# n_peaks: 2 
# peak 0; position,sigma,weight: -0.50000  0.01562  0.50000 
# peak 1; position,sigma,weight:  0.50000  0.01562  0.50000 
# target mean, variance:                0   0.250244140625 
# burn-in, mcmc steps: 0 1000000 
# n temperatures: 1 
#  T, rate, Proposal(shape,W1,W2,p1):   1.00000  1.00000      gaussian  1.00000  4.74995  0.00000 
#  n_bins: 4 n_bins_1d: 360 
# seed: 344220  chain_type: mcmc neighbor_swap_only: 1 
    1000 0.05774644   0.359196  0.1805482    0.20237  0.9732956  0.9732956 
    2000 0.02982003  0.2705748  0.1347803    0.13411  0.9529761  0.9529761 
    4000 0.01597579  0.2038338 0.09873925  0.0969525  0.9145211  0.9145211 
    8000 0.006995993  0.1439913 0.06819872 0.06632625  0.8438163  0.8438163 
   16000 0.003687719  0.1016874 0.05036578 0.04989187  0.7371572  0.7371572 
   32000 0.002308798 0.07664563 0.04079712 0.03979594   0.594993   0.594993 
   64000 0.00135759 0.05678296 0.03071152 0.02996438  0.4497829  0.4497829 
  128000 0.0006122872 0.03954202 0.02038469 0.01984891  0.3253692  0.3253692 
  256000 0.0002492112 0.02662446 0.01327054 0.01290121  0.2327101  0.2327101 
  512000 0.0001156902 0.01900495 0.00828704 0.007956582  0.1654704  0.1654704 
 1000000 6.516624e-05 0.01385103 0.006533676  0.0062963  0.1190513  0.1190513 

# /home/tomfy/mcmc_toy/src/mcmc_toy; 1; 2; -0.5; 0.015625; 0.5; 0.5; 0.015625; 0.5; 1000000; 1; 1; 1; gaussian; 1; 6.71642431164054; 0; 4; 360; 784310; mcmc; 1; 
# n_dimensions: 1 
# n_peaks: 2 
# peak 0; position,sigma,weight: -0.50000  0.01562  0.50000 
# peak 1; position,sigma,weight:  0.50000  0.01562  0.50000 
# target mean, variance:                0   0.250244140625 
# burn-in, mcmc steps: 0 1000000 
# n temperatures: 1 
#  T, rate, Proposal(shape,W1,W2,p1):   1.00000  1.00000      gaussian  1.00000  6.71642  0.00000 
#  n_bins: 4 n_bins_1d: 360 
# seed: 784310  chain_type: mcmc neighbor_swap_only: 1 
    1000 0.05787925    0.38178  0.1716173    0.19925  0.9800189  0.9800189 
    2000 0.03514436  0.3023882  0.1448253    0.15244  0.9638872  0.9638872 
    4000 0.02297106  0.2413357  0.1259316  0.1207775  0.9344989  0.9344989 
    8000 0.008766614  0.1706183 0.07700552  0.0747225  0.8807396  0.8807396 
   16000 0.005493689  0.1258278 0.06046485    0.05876  0.7930395  0.7930395 
   32000 0.002484588 0.08946638   0.040962 0.03959031  0.6638665  0.6638665 
   64000 0.001169998  0.0658559 0.02843915 0.02739641  0.5213988  0.5213988 
  128000 0.0007917221 0.04665887 0.02242987   0.021795  0.3827009  0.3827009 
  256000 0.0003553919 0.03309446  0.0150857  0.0146123  0.2757749  0.2757749 
  512000 0.0001663226 0.02327132 0.01080239 0.01043488  0.1961777  0.1961777 
 1000000 9.437055e-05 0.01673787 0.008224527 0.00798973  0.1410199  0.1410199 

# /home/tomfy/mcmc_toy/src/mcmc_toy; 1; 2; -0.5; 0.015625; 0.5; 0.5; 0.015625; 0.5; 1000000; 1; 1; 1; gaussian; 1; 9.49702397665972; 0; 4; 360; 552337; mcmc; 1; 
# n_dimensions: 1 
# n_peaks: 2 
# peak 0; position,sigma,weight: -0.50000  0.01562  0.50000 
# peak 1; position,sigma,weight:  0.50000  0.01562  0.50000 
# target mean, variance:                0   0.250244140625 
# burn-in, mcmc steps: 0 1000000 
# n temperatures: 1 
#  T, rate, Proposal(shape,W1,W2,p1):   1.00000  1.00000      gaussian  1.00000  9.49702  0.00000 
#  n_bins: 4 n_bins_1d: 360 
# seed: 552337  chain_type: mcmc neighbor_swap_only: 1 
    1000  0.1016195  0.4651736  0.1662037    0.27561  0.9861344  0.9861344 
    2000 0.05627861  0.3570137  0.1816534   0.206735   0.974715   0.974715 
    4000 0.03216402  0.2774991  0.1463099   0.144715  0.9540358  0.9540358 
    8000 0.01511561  0.2055395  0.1018461  0.1028562  0.9138854  0.9138854 
   16000 0.007553565  0.1444904 0.07186054 0.07147688  0.8418002  0.8418002 
   32000 0.004614026  0.1079505 0.05554023 0.05377875  0.7326878  0.7326878 
   64000 0.002305097 0.07887011 0.03845938 0.03742906  0.5918787  0.5918787 
  128000 0.00132785 0.05656801  0.0295975 0.02881133  0.4463474  0.4463474 
  256000 0.0005365185 0.03857917 0.01858467 0.01794203  0.3248298  0.3248298 
  512000 0.0002147562 0.02688182 0.01165177 0.01120906  0.2329804  0.2329804 
 1000000 0.0001351606 0.01984969 0.009401149 0.00911682  0.1678808  0.1678808 

# /home/tomfy/mcmc_toy/src/mcmc_toy; 1; 2; -0.5; 0.015625; 0.5; 0.5; 0.015625; 0.5; 1000000; 1; 1; 1; gaussian; 1; 13.4287919029968; 0; 4; 360; 297097; mcmc; 1; 
# n_dimensions: 1 
# n_peaks: 2 
# peak 0; position,sigma,weight: -0.50000  0.01562  0.50000 
# peak 1; position,sigma,weight:  0.50000  0.01562  0.50000 
# target mean, variance:                0   0.250244140625 
# burn-in, mcmc steps: 0 1000000 
# n temperatures: 1 
#  T, rate, Proposal(shape,W1,W2,p1):   1.00000  1.00000      gaussian  1.00000 13.42879  0.00000 
#  n_bins: 4 n_bins_1d: 360 
# seed: 297097  chain_type: mcmc neighbor_swap_only: 1 
    1000  0.1091388  0.5147982  0.1563292     0.2791  0.9890556  0.9890556 
    2000 0.06327375  0.4094641  0.1824871    0.20962  0.9805956  0.9805956 
    4000 0.03636778  0.3106685   0.152438   0.156085  0.9647561  0.9647561 
    8000 0.01851421  0.2237493  0.1129771  0.1102625  0.9342906  0.9342906 
   16000 0.008425541  0.1655164  0.0766231 0.07476688  0.8799867  0.8799867 
   32000 0.005080469  0.1271782 0.05807303 0.05633844  0.7947761  0.7947761 
   64000 0.00309178 0.09200632 0.04457397 0.04286828  0.6669321  0.6669321 
  128000 0.001615267 0.06566905 0.03272297 0.03172633  0.5176784  0.5176784 
  256000 0.0008924839 0.04705659 0.02456648 0.02395211  0.3833372  0.3833372 
  512000 0.0003811833  0.0315823 0.01643849 0.01601301  0.2756202  0.2756202 
 1000000 0.0001371872   0.022278 0.009953647 0.00961742  0.1980612  0.1980612 

# /home/tomfy/mcmc_toy/src/mcmc_toy; 1; 2; -0.5; 0.015625; 0.5; 0.5; 0.015625; 0.5; 1000000; 1; 1; 1; gaussian; 1; 18.9883117508375; 0; 4; 360; 182542; mcmc; 1; 
# n_dimensions: 1 
# n_peaks: 2 
# peak 0; position,sigma,weight: -0.50000  0.01562  0.50000 
# peak 1; position,sigma,weight:  0.50000  0.01562  0.50000 
# target mean, variance:                0   0.250244140625 
# burn-in, mcmc steps: 0 1000000 
# n temperatures: 1 
#  T, rate, Proposal(shape,W1,W2,p1):   1.00000  1.00000      gaussian  1.00000 18.98831  0.00000 
#  n_bins: 4 n_bins_1d: 360 
# seed: 182542  chain_type: mcmc neighbor_swap_only: 1 
    1000  0.1540751  0.5632144  0.1296031    0.35669    0.99196    0.99196 
    2000 0.08959453  0.4544561  0.1924599    0.25996  0.9855083  0.9855083 
    4000 0.04700178  0.3480419  0.1596753   0.173865  0.9743908  0.9743908 
    8000 0.02897173  0.2789812  0.1431944  0.1418425  0.9520376  0.9520376 
   16000 0.01564873  0.1980657  0.1040992  0.1019462   0.912317   0.912317 
   32000 0.007555791  0.1420685  0.0727736 0.07148062  0.8409768  0.8409768 
   64000 0.003627148  0.1068546 0.05163437 0.04967109  0.7316013  0.7316013 
  128000 0.001771682 0.07143981 0.03475475 0.03368906  0.5913316  0.5913316 
  256000 0.0009826385 0.05336683 0.02649711 0.02572707  0.4463813  0.4463813 
  512000 0.00054207 0.03817984 0.01959678 0.01911228  0.3270693  0.3270693 
 1000000 0.0002535763 0.02759023 0.01367505 0.01329198    0.23613    0.23613 

# /home/tomfy/mcmc_toy/src/mcmc_toy; 1; 2; -0.5; 0.015625; 0.5; 0.5; 0.015625; 0.5; 1000000; 1; 1; 1; gaussian; 1; 26.8494728156843; 0; 4; 360; 51936; mcmc; 1; 
# n_dimensions: 1 
# n_peaks: 2 
# peak 0; position,sigma,weight: -0.50000  0.01562  0.50000 
# peak 1; position,sigma,weight:  0.50000  0.01562  0.50000 
# target mean, variance:                0   0.250244140625 
# burn-in, mcmc steps: 0 1000000 
# n temperatures: 1 
#  T, rate, Proposal(shape,W1,W2,p1):   1.00000  1.00000      gaussian  1.00000 26.84947  0.00000 
#  n_bins: 4 n_bins_1d: 360 
# seed: 51936  chain_type: mcmc neighbor_swap_only: 1 
    1000  0.1501932  0.5863686  0.1464546      0.348  0.9920555  0.9920555 
    2000  0.1013637  0.4954001  0.1895013   0.269665  0.9885989  0.9885989 
    4000 0.06431855  0.4187873  0.1871613  0.2069525  0.9815086  0.9815086 
    8000 0.04140851  0.3114252  0.1498388  0.1659087  0.9657843  0.9657843 
   16000 0.02313397  0.2339611  0.1211636  0.1251912  0.9361265  0.9361265 
   32000 0.01251527  0.1749505 0.09369131 0.09237718  0.8840649  0.8840649 
   64000 0.005049609   0.121133 0.06006488 0.05819516  0.7934359  0.7934359 
  128000 0.002234488 0.08602112 0.03848959 0.03667617  0.6645932  0.6645932 
  256000 0.001203986 0.06132001  0.0293482  0.0283727  0.5178579  0.5178579 
  512000 0.0005851711 0.04336867 0.01930944 0.01862064  0.3799657  0.3799657 
 1000000 0.0003151609 0.03166371 0.01434029 0.01385781  0.2762412  0.2762412 

# /home/tomfy/mcmc_toy/src/mcmc_toy; 1; 2; -0.5; 0.015625; 0.5; 0.5; 0.015625; 0.5; 1000000; 1; 1; 1; gaussian; 1; 37.9651545613776; 0; 4; 360; 459965; mcmc; 1; 
# n_dimensions: 1 
# n_peaks: 2 
# peak 0; position,sigma,weight: -0.50000  0.01562  0.50000 
# peak 1; position,sigma,weight:  0.50000  0.01562  0.50000 
# target mean, variance:                0   0.250244140625 
# burn-in, mcmc steps: 0 1000000 
# n temperatures: 1 
#  T, rate, Proposal(shape,W1,W2,p1):   1.00000  1.00000      gaussian  1.00000 37.96515  0.00000 
#  n_bins: 4 n_bins_1d: 360 
# seed: 459965  chain_type: mcmc neighbor_swap_only: 1 
    1000  0.1718523  0.6301094  0.1153059    0.38285  0.9940278  0.9940278 
    2000  0.1459871  0.5840684  0.1656145    0.34394  0.9913489  0.9913489 
    4000 0.09117921   0.468302  0.1877478  0.2591375  0.9855719  0.9855719 
    8000 0.04768276  0.3466333  0.1617048  0.1793013  0.9735376  0.9735376 
   16000 0.02488299  0.2672121  0.1343013  0.1294581  0.9518872  0.9518872 
   32000 0.01402038  0.1921553 0.09633396 0.09711687  0.9117786  0.9117786 
   64000 0.006771669  0.1365666 0.07120081 0.07016297  0.8415022  0.8415022 
  128000 0.003866501  0.1021678 0.05400909 0.05291328  0.7331198  0.7331198 
  256000 0.00230315 0.07733231 0.03951269 0.03866446   0.591836   0.591836 
  512000 0.0008545833 0.05426739 0.02446872 0.02360369  0.4476049  0.4476049 
 1000000 0.0005277505 0.03951978 0.01939359 0.01883862  0.3283615  0.3283615 

