#  nT     T_hot    cold_rate  n_pi_eval  gen    n_try    n_acc    tvd_ndim   tvd_orth   tvd_refl   tvd_1d1   tvd_1dall     dmusq      ksd       edfs       sq_avg_q    sq_avg_p      T 
    1    1.0000          1     1000     1000     1000        1       0.519      0.269        0.5  0.9944444  0.9944444  0.06801912  0.5272035  0.1553336          1         -1        1  
    1    1.0000          1     2000     2000     2000        3       0.476     0.0915      0.476  0.9888889  0.9888889  0.01235518  0.5420061  0.2679187   0.906304         -1        1  
    1    1.0000          1     4000     4000     4000        5       0.242    0.04225      0.242  0.9833333  0.9833333  0.001319889  0.2462561   0.087322   0.234256         -1        1  
    1    1.0000          1     8000     8000     8000       14     0.18675   0.068625 0.06437501  0.9638889  0.9638889  0.003128589  0.2660239  0.0601185 0.01657656         -1        1  
    1    1.0000          1    16000    16000    16000       17   0.2793125   0.140875      0.153  0.9555555  0.9555555  0.01692417  0.2693823   0.129378   0.093636         -1        1  
    1    1.0000          1    32000    32000    32000       35   0.2111875  0.0679375 0.003187488  0.9063333  0.9063333  0.003481008  0.1952885 0.05762728 4.064062e-05         -1        1  
    1    1.0000          1    64000    64000    64000       66  0.01870314 0.01271875 0.01870314  0.8346198  0.8346198  0.0001757958   0.128398 0.03406566 0.001399228         -1        1  
    1    1.0000          1   128000   128000   128000      141  0.06417187 0.06417187 0.04483595  0.7281008  0.7281008  0.004200391  0.1311838 0.06833663 0.008041045         -1        1  
    1    1.0000          1   256000   256000   256000      280  0.06014845 0.005484375 0.06014845  0.5979054  0.5979054  2.720851e-05 0.08210843 0.009281201 0.01447134         -1        1  
    1    1.0000          1   512000   512000   512000      540  0.02754102 0.01481641 0.02681447  0.4603827  0.4603827  0.0002213448 0.05437332 0.01643784 0.00287606         -1        1  
    1    1.0000          1  1000000  1000000  1000000     1053    0.021335   0.021335 0.01962101  0.3285557  0.3285557  0.0004748049 0.03855074 0.02261276 0.001539935         -1        1  
