# /home/tomfy/mcmc_toy/src/mcmc_toy; 8; 1; 0.0; 1.0; 1.0; 1000000; 1; 1; 1; gaussian; 0.4075; 0.420728534805996; 0; 4; 360; 523393; mcmc; 1; 
# n_dimensions: 8 
# n_peaks: 1 
# peak 0; position,sigma,weight:  0.00000  1.00000  1.00000 
# target mean, variance:                0                1 
# burn-in, mcmc steps: 0 1000000 
# n temperatures: 1 
#  T, rate, Proposal(shape,W1,W2,p1):   1.00000  1.00000      gaussian  0.40750  0.42073  0.00000 
#  n_bins: 4 n_bins_1d: 360 
# seed: 523393  chain_type: mcmc neighbor_swap_only: 1 
    1000  0.3479988  0.1020228  0.1947819  0.4754256  0.3832244  0.1406933 
    2000  0.1807304 0.07103297  0.1395538  0.3518775  0.2768728  0.1002961 
    4000 0.08917038 0.05427415   0.111399  0.2522725  0.1980214 0.07104042 
    8000 0.04412975 0.03620851 0.07084294   0.180235  0.1406126  0.0499624 
   16000 0.02212734 0.02521648 0.05071883  0.1289469 0.09938861 0.03523834 
   32000 0.01086122 0.01742853 0.03546526 0.09146344 0.07042059 0.02500559 
   64000 0.005417837 0.01315985 0.02708969 0.06429594 0.05002917  0.0176646 
  128000 0.002795648 0.008915374 0.01807975 0.04578359 0.03534834 0.01240784 
  256000 0.001457274 0.007018099 0.01433926 0.03251336 0.02517526 0.008862346 
  512000 0.0006350661 0.004812679 0.009854392 0.02263436 0.01779441 0.006261767 
 1000000 0.0003502537 0.003207829 0.006338391 0.01636673 0.01269834 0.004466769 

# /home/tomfy/mcmc_toy/src/mcmc_toy; 8; 1; 0.0; 1.0; 1.0; 1000000; 1; 1; 1; gaussian; 0.4075; 0.595; 0; 4; 360; 233324; mcmc; 1; 
# n_dimensions: 8 
# n_peaks: 1 
# peak 0; position,sigma,weight:  0.00000  1.00000  1.00000 
# target mean, variance:                0                1 
# burn-in, mcmc steps: 0 1000000 
# n temperatures: 1 
#  T, rate, Proposal(shape,W1,W2,p1):   1.00000  1.00000      gaussian  0.40750  0.59500  0.00000 
#  n_bins: 4 n_bins_1d: 360 
# seed: 233324  chain_type: mcmc neighbor_swap_only: 1 
    1000  0.2292803 0.09540217  0.1775623  0.4578122  0.4484511  0.1658569 
    2000  0.1261282 0.07026379  0.1324636  0.3367925  0.3267206  0.1183618 
    4000 0.06002323 0.04857581 0.08929325  0.2421106  0.2341236 0.08397507 
    8000 0.03038995 0.03155439 0.05709046  0.1734788    0.16497  0.0593421 
   16000 0.01512915 0.02221675 0.04042955  0.1228494  0.1177428 0.04168233 
   32000 0.007360849 0.01566153 0.02958994 0.08672344 0.08350361 0.02971963 
   64000 0.003868869  0.0111752 0.02085913 0.06182609 0.05901535 0.02110559 
  128000 0.001838294 0.008236545 0.01516213 0.04348789 0.04170253 0.01476517 
  256000 0.0008516324 0.005585667 0.01038825 0.03062816 0.02918253 0.01051124 
  512000 0.0004438736 0.003757882 0.007098109 0.02177852 0.02075179 0.007396295 
 1000000 0.0002377177 0.002833111 0.005382891 0.01564399 0.01480149 0.005267929 

# /home/tomfy/mcmc_toy/src/mcmc_toy; 8; 1; 0.0; 1.0; 1.0; 1000000; 1; 1; 1; gaussian; 0.4075; 0.841457069611992; 0; 4; 360; 242803; mcmc; 1; 
# n_dimensions: 8 
# n_peaks: 1 
# peak 0; position,sigma,weight:  0.00000  1.00000  1.00000 
# target mean, variance:                0                1 
# burn-in, mcmc steps: 0 1000000 
# n temperatures: 1 
#  T, rate, Proposal(shape,W1,W2,p1):   1.00000  1.00000      gaussian  0.40750  0.84146  0.00000 
#  n_bins: 4 n_bins_1d: 360 
# seed: 242803  chain_type: mcmc neighbor_swap_only: 1 
    1000  0.1954286 0.09766947   0.158508    0.52415  0.5606545  0.2174765 
    2000 0.09904253 0.07063069  0.1153061  0.3883687   0.420155  0.1543335 
    4000 0.04898316 0.04728213 0.07844628  0.2796987  0.3038858  0.1098971 
    8000 0.02385075 0.03399673 0.05691515  0.1981147  0.2159539 0.07752627 
   16000 0.01276861 0.02456378 0.04190551  0.1423559  0.1547353 0.05548223 
   32000 0.006484639 0.01744335 0.02974847  0.1011188  0.1092643 0.03900995 
   64000 0.003275154  0.0122687 0.02066628 0.07095422 0.07775905  0.0275759 
  128000 0.001611363 0.008538467 0.01450048 0.05064258 0.05461347 0.01954845 
  256000 0.000805601  0.0060061 0.01006253 0.03553949  0.0387924 0.01373123 
  512000 0.0004037686 0.004322148 0.007184313 0.02514596 0.02742335 0.009774138 
 1000000 0.0001935104 0.003029133 0.005048858 0.01806224 0.01967206 0.006974342 

# /home/tomfy/mcmc_toy/src/mcmc_toy; 8; 1; 0.0; 1.0; 1.0; 1000000; 1; 1; 1; gaussian; 0.4075; 1.19; 0; 4; 360; 28599; mcmc; 1; 
# n_dimensions: 8 
# n_peaks: 1 
# peak 0; position,sigma,weight:  0.00000  1.00000  1.00000 
# target mean, variance:                0                1 
# burn-in, mcmc steps: 0 1000000 
# n temperatures: 1 
#  T, rate, Proposal(shape,W1,W2,p1):   1.00000  1.00000      gaussian  0.40750  1.19000  0.00000 
#  n_bins: 4 n_bins_1d: 360 
# seed: 28599  chain_type: mcmc neighbor_swap_only: 1 
    1000  0.2526518  0.1271806  0.1905147  0.6780478  0.7292711  0.3304807 
    2000  0.1260932 0.08962278  0.1388592  0.5301263  0.5877106  0.2357421 
    4000 0.05781147 0.06063296 0.08870422  0.3944478  0.4451508  0.1693684 
    8000 0.03075159 0.04204927 0.06062872  0.2875097  0.3287718  0.1207295 
   16000 0.01552434 0.03120427 0.04724875  0.2075294  0.2372826  0.0858441 
   32000 0.007580367 0.02190455 0.03329808  0.1476747   0.169635 0.06075896 
   64000 0.003928451 0.01663403 0.02530933  0.1044419  0.1198548 0.04287704 
  128000 0.001901309 0.01144624 0.01709361 0.07401297 0.08514101 0.03035143 
  256000 0.001019194 0.00832823 0.01243338 0.05236992 0.06015928 0.02158967 
  512000 0.000478098 0.005657433 0.008299348 0.03727549 0.04261694  0.0151798 
 1000000 0.0002476655 0.004005649 0.005882303  0.0264904 0.03068939 0.01085012 

# /home/tomfy/mcmc_toy/src/mcmc_toy; 8; 1; 0.0; 1.0; 1.0; 1000000; 1; 1; 1; gaussian; 0.4075; 1.68291413922398; 0; 4; 360; 145834; mcmc; 1; 
# n_dimensions: 8 
# n_peaks: 1 
# peak 0; position,sigma,weight:  0.00000  1.00000  1.00000 
# target mean, variance:                0                1 
# burn-in, mcmc steps: 0 1000000 
# n temperatures: 1 
#  T, rate, Proposal(shape,W1,W2,p1):   1.00000  1.00000      gaussian  0.40750  1.68291  0.00000 
#  n_bins: 4 n_bins_1d: 360 
# seed: 145834  chain_type: mcmc neighbor_swap_only: 1 
    1000  0.5169109  0.2021615  0.2706037  0.8535028  0.8879611  0.5478331 
    2000  0.2542496  0.1460702  0.1969053   0.750385  0.8019405  0.4162735 
    4000  0.1309517  0.1038328  0.1397791  0.6210113  0.6853128  0.3125039 
    8000 0.06889557 0.07584988  0.1051561  0.4843025  0.5499622  0.2273446 
   16000  0.0363669 0.05683589 0.07855965  0.3675747  0.4207667   0.164111 
   32000 0.01734263 0.04048011 0.05490673  0.2701578  0.3138691  0.1178828 
   64000 0.008465915 0.02934592  0.0390316  0.1968652  0.2272319 0.08367548 
  128000 0.004084591 0.02040506 0.02761032  0.1405341  0.1642742 0.06008702 
  256000 0.002370608 0.01492285  0.0198104  0.1003921  0.1175108 0.04236971 
  512000 0.001103411  0.0102185 0.01399091 0.07086875  0.0831238 0.02999663 
 1000000 0.0005538656 0.007226542 0.009709167 0.05132888 0.05983934 0.02150724 

