#  nT     T_hot    cold_rate  n_pi_eval  gen    n_try    n_acc    tvd_ndim   tvd_orth   tvd_refl   tvd_1d1   tvd_1dall     dmusq      ksd       edfs       sq_avg_q    sq_avg_p      T 
    1    1.0000          1     1000     1000     1000       59   0.9990845  0.8100313  0.8118437  0.8558889  0.4889722   0.6801313  0.2454822  0.3793353   0.051984         -1        1  
    1    1.0000          1     2000     2000     2000      101   0.9984436  0.7331875  0.7341562     0.7845  0.4094653   0.4080905  0.2305139  0.3396412   0.020736         -1        1  
    1    1.0000          1     4000     4000     4000      207   0.9968262  0.6036875  0.6231562  0.6479167  0.3042708   0.1771139  0.1080039   0.144288 0.01380625         -1        1  
    1    1.0000          1     8000     8000     8000      365   0.9944305  0.4678125    0.49375  0.5448889  0.2236632   0.1145206 0.09073649 0.09955503   0.013456         -1        1  
    1    1.0000          1    16000    16000    16000      709   0.9891968  0.3714063   0.371375  0.4041181  0.1510521  0.07465317 0.06022271 0.06174895  5.625e-05         -1        1  
    1    1.0000          1    32000    32000    32000     1357   0.9794769  0.2758437  0.2687187      0.319  0.1170486  0.01328975 0.04523761 0.04133231 0.0002847656         -1        1  
    1    1.0000          1    64000    64000    64000     2783   0.9585266  0.2148906  0.1941094  0.2258264 0.08502126  0.01039681  0.0571229  0.0728516 0.001198891         -1        1  
    1    1.0000          1   128000   128000   128000     5443   0.9223649  0.1460156  0.1443984  0.1634991 0.05840798  0.003909007 0.03519013 0.05087769 0.0006719436         -1        1  
    1    1.0000          1   256000   256000   256000    11116   0.8561056  0.1031602 0.09870313  0.1233741 0.04167801  0.002096456 0.01414554 0.02046052 0.0002392822         -1        1  
    1    1.0000          1   512000   512000   512000    22638   0.7546731 0.07094141 0.07401367 0.07928255 0.03064326  0.001314435 0.008109603 0.01245418 7.079645e-05         -1        1  
    1    1.0000          1  1000000  1000000  1000000    44411   0.6288118 0.05254425 0.05092725  0.0581571 0.02169375  0.0005644641 0.009266994 0.01024588 0.0001706158         -1        1  
