# T:          1         0        0      90910    28957     90910    35228 
# T:          3         0        0      90910    28820     90910    35288 
# T:          9         0        0      90910    29141     90910    35799 
# T:         27         0        0      90910    29140     90910    35647 
# T:         81         0        0      90910    29607     90910    37611 
# T:        243         0        0      90910    37220     90910    44941 
# T:        729         0        0      90910    43435     90910    44881 
# T:       2187         0        0      90910    40228     90910    41318 
# T:       6561         0        0      90910    35643     90910    38901 
# T:      19683         0        0      90910    32864     90910    36921 
# T:      59049         0        0      90910    31411 
