#  nT     T_hot    cold_rate  n_pi_eval  gen    n_try    n_acc    tvd_ndim   tvd_orth   tvd_refl   tvd_1d1   tvd_1dall     dmusq      ksd       edfs       sq_avg_q    sq_avg_p      T 
    6 32768.0000          1     6000     1000     1000      359      0.3305      0.329 0.08299999  0.4576666  0.3232221  0.003053987 0.05922393 0.03703105     0.0036         -1        1  
    6 32768.0000          1    12000     2000     2000      724      0.2175      0.187 0.04899999  0.3275001    0.23925  0.03231536  0.0484817 0.04491448   0.000441         -1        1  
    6 32768.0000          1    24000     4000     4000     1464      0.1935      0.189 0.01599999  0.2259167  0.1693472  0.01911656 0.03357374  0.0234418     0.0001         -1        1  
    6 32768.0000          1    48000     8000     8000     2878     0.11225    0.11225 0.01462499  0.1633611  0.1225068  0.002147366 0.03799228 0.03337733 5.0625e-06         -1        1  
    6 32768.0000          1    96000    16000    16000     5751   0.0536875  0.0526875 0.009374988  0.1205624 0.08579153  0.0002232819 0.02207131 0.01393628 0.00013225         -1        1  
    6 32768.0000          1   192000    32000    32000    11465  0.03084375  0.0241875 0.008968738 0.08794091 0.06361275  5.688553e-05 0.01543423 0.002602755 3.90625e-07         -1        1  
    6 32768.0000          1   384000    64000    64000    22719  0.01682813 0.01045312 0.002968738 0.06116136 0.04515524  0.000180493 0.01435256 0.01074409 2.540039e-06         -1        1  
    6 32768.0000          1   768000   128000   128000    45696  0.01975781 0.01708594 0.006234387 0.04422999 0.03058763  0.0003086282 0.01712805 0.01723382 1.66311e-05         -1        1  
    6 32768.0000          1  1000002   166667   166667    59423   0.0147851 0.01248148 0.003711004 0.03941068 0.02666285  0.0001165307 0.01044803 0.009984021 9.363563e-08         -1        1  
