# /home/tomfy/mcmc_toy/src/mcmc_toy; 4; 2; -0.5; 0.015625; 0.5; 0.5; 0.015625; 0.5; 1000000; 1; 1; 1; gaussian; 0.6541; 0.01859375; 0; 4; 360; 308052; mcmc; 1; 
# n_dimensions: 4 
# n_peaks: 2 
# peak 0; position,sigma,weight: -0.50000  0.01562  0.50000 
# peak 1; position,sigma,weight:  0.50000  0.01562  0.50000 
# target mean, variance:                0   0.250244140625 
# burn-in, mcmc steps: 0 1000000 
# n temperatures: 1 
#  T, rate, Proposal(shape,W1,W2,p1):   1.00000  1.00000      gaussian  0.65410  0.01859  0.00000 
#  n_bins: 4 n_bins_1d: 360 
# seed: 308052  chain_type: mcmc neighbor_swap_only: 1 
    1000  0.9999062  0.5030793 0.02224598     0.9375  0.6413378  0.3522306 
    2000  0.9998857  0.5014005 0.02446507     0.9375  0.5698644   0.292124 
    4000  0.9998089  0.5006475 0.02609339     0.9375  0.5266786  0.2543353 
    8000   1.000048  0.5003498 0.02735962     0.9375  0.5068831  0.2336996 
   16000   1.000035  0.5001518 0.02882145     0.9375  0.5008792   0.221261 
   32000   1.000054  0.5000781 0.03005806     0.9375  0.5000361  0.2134367 
   64000   1.000008  0.5000381 0.03132178     0.9375        0.5  0.2083556 
  128000  0.9999767  0.5000204 0.03290893     0.9375        0.5  0.2043673 
  256000  0.9999658  0.5000098 0.03394424     0.9375        0.5  0.2016591 
  512000   0.999986  0.5000047 0.03514924     0.9375        0.5  0.1996592 
 1000000  0.9999809  0.5000024 0.03617263     0.9375        0.5  0.1983606 

# /home/tomfy/mcmc_toy/src/mcmc_toy; 4; 2; -0.5; 0.015625; 0.5; 0.5; 0.015625; 0.5; 1000000; 1; 1; 1; gaussian; 0.6541; 0.0262915625; 0; 4; 360; 882471; mcmc; 1; 
# n_dimensions: 4 
# n_peaks: 2 
# peak 0; position,sigma,weight: -0.50000  0.01562  0.50000 
# peak 1; position,sigma,weight:  0.50000  0.01562  0.50000 
# target mean, variance:                0   0.250244140625 
# burn-in, mcmc steps: 0 1000000 
# n temperatures: 1 
#  T, rate, Proposal(shape,W1,W2,p1):   1.00000  1.00000      gaussian  0.65410  0.02629  0.00000 
#  n_bins: 4 n_bins_1d: 360 
# seed: 882471  chain_type: mcmc neighbor_swap_only: 1 
    1000   1.000065  0.5052685  0.0210455     0.9375  0.7295222  0.4597039 
    2000   1.000019  0.5023769 0.02291354     0.9375   0.640765  0.3747783 
    4000  0.9998905  0.5010075 0.02461187     0.9375  0.5706842  0.3194012 
    8000  0.9999901  0.5004842 0.02662245     0.9375   0.528145  0.2856763 
   16000    1.00013   0.500235  0.0280366     0.9375  0.5074937  0.2668976 
   32000   1.000079  0.5001091 0.02987324     0.9375  0.5009189  0.2566808 
   64000   1.000079  0.5000453 0.03143567     0.9375  0.5000417  0.2502317 
  128000   1.000029  0.5000239  0.0326241     0.9375        0.5  0.2457724 
  256000  0.9999923  0.5000116 0.03389049     0.9375        0.5  0.2426405 
  512000  0.9999803   0.500006 0.03508848     0.9375        0.5  0.2403878 
 1000000  0.9999945   0.500003 0.03607315     0.9375        0.5  0.2388266 

# /home/tomfy/mcmc_toy/src/mcmc_toy; 4; 2; -0.5; 0.015625; 0.5; 0.5; 0.015625; 0.5; 1000000; 1; 1; 1; gaussian; 0.6541; 0.037176269375; 0; 4; 360; 248974; mcmc; 1; 
# n_dimensions: 4 
# n_peaks: 2 
# peak 0; position,sigma,weight: -0.50000  0.01562  0.50000 
# peak 1; position,sigma,weight:  0.50000  0.01562  0.50000 
# target mean, variance:                0   0.250244140625 
# burn-in, mcmc steps: 0 1000000 
# n temperatures: 1 
#  T, rate, Proposal(shape,W1,W2,p1):   1.00000  1.00000      gaussian  0.65410  0.03718  0.00000 
#  n_bins: 4 n_bins_1d: 360 
# seed: 248974  chain_type: mcmc neighbor_swap_only: 1 
    1000   1.000049  0.5098382 0.02058084     0.9375  0.8385089  0.5892906 
    2000   1.000388  0.5038209 0.02238134     0.9375  0.7519461  0.4658039 
    4000   1.000088   0.501906 0.02452643     0.9375  0.6623303  0.3676981 
    8000  0.9999453  0.5007993  0.0261363     0.9375  0.5867417  0.2967419 
   16000   1.000173  0.5004099 0.02781508     0.9375  0.5390465  0.2499887 
   32000   1.000089  0.5001783 0.02942085     0.9375   0.512086  0.2212137 
   64000   1.000044  0.5000873 0.03038241     0.9375  0.5024323  0.2038691 
  128000   1.000009   0.500038 0.03197842     0.9375  0.5001658  0.1927512 
  256000   1.000014  0.5000182 0.03294461     0.9375  0.5000018  0.1855514 
  512000   0.999996  0.5000072 0.03439924     0.9375        0.5  0.1804722 
 1000000   0.999999   0.500004 0.03573823     0.9375        0.5  0.1766705 

# /home/tomfy/mcmc_toy/src/mcmc_toy; 4; 2; -0.5; 0.015625; 0.5; 0.5; 0.015625; 0.5; 1000000; 1; 1; 1; gaussian; 0.6541; 0.05256724489625; 0; 4; 360; 74136; mcmc; 1; 
# n_dimensions: 4 
# n_peaks: 2 
# peak 0; position,sigma,weight: -0.50000  0.01562  0.50000 
# peak 1; position,sigma,weight:  0.50000  0.01562  0.50000 
# target mean, variance:                0   0.250244140625 
# burn-in, mcmc steps: 0 1000000 
# n temperatures: 1 
#  T, rate, Proposal(shape,W1,W2,p1):   1.00000  1.00000      gaussian  0.65410  0.05257  0.00000 
#  n_bins: 4 n_bins_1d: 360 
# seed: 74136  chain_type: mcmc neighbor_swap_only: 1 
    1000  0.9981438  0.5314858 0.01793521     0.9375  0.9308278  0.7810222 
    2000  0.9987254  0.5162072 0.02050662     0.9375  0.8773283  0.6687921 
    4000  0.9992359  0.5062811 0.02325423     0.9375  0.8016722  0.5503325 
    8000  0.9993624   0.502388  0.0248561     0.9375  0.7113753  0.4418275 
   16000  0.9997296  0.5009815 0.02673869     0.9375  0.6270391  0.3601366 
   32000  0.9999377   0.500358 0.02826342     0.9375  0.5640967  0.3026517 
   64000   0.999885  0.5001714 0.02940602     0.9375  0.5260383  0.2653758 
  128000   1.000006  0.5000736 0.03090337     0.9375  0.5070045  0.2434277 
  256000     1.0001   0.500035  0.0321344     0.9375  0.5009607   0.231009 
  512000   1.000061  0.5000158 0.03397024     0.9375  0.5000563  0.2227438 
 1000000   1.000025  0.5000071 0.03517416     0.9375        0.5  0.2169349 

# /home/tomfy/mcmc_toy/src/mcmc_toy; 4; 2; -0.5; 0.015625; 0.5; 0.5; 0.015625; 0.5; 1000000; 1; 1; 1; gaussian; 0.6541; 0.0743300842832975; 0; 4; 360; 437461; mcmc; 1; 
# n_dimensions: 4 
# n_peaks: 2 
# peak 0; position,sigma,weight: -0.50000  0.01562  0.50000 
# peak 1; position,sigma,weight:  0.50000  0.01562  0.50000 
# target mean, variance:                0   0.250244140625 
# burn-in, mcmc steps: 0 1000000 
# n temperatures: 1 
#  T, rate, Proposal(shape,W1,W2,p1):   1.00000  1.00000      gaussian  0.65410  0.07433  0.00000 
#  n_bins: 4 n_bins_1d: 360 
# seed: 437461  chain_type: mcmc neighbor_swap_only: 1 
    1000   1.000545  0.5996685   0.013184     0.9375  0.9745667  0.9087372 
    2000  0.9999297    0.55502 0.01827709     0.9375  0.9518889  0.8388305 
    4000  0.9993743  0.5220253 0.02076124     0.9375  0.9148053  0.7441889 
    8000  0.9998799  0.5110856 0.02192365     0.9375  0.8560746  0.6271764 
   16000   0.999967  0.5041325 0.02363379     0.9375  0.7779592    0.50952 
   32000   1.000025  0.5017582 0.02561176     0.9375  0.6878855  0.4005764 
   64000   1.000127  0.5005504 0.02755401     0.9375   0.608964  0.3161891 
  128000   1.000074  0.5002116  0.0294832     0.9375  0.5528173  0.2598853 
  256000   1.000027  0.5000873 0.03081811     0.9375  0.5197642  0.2236264 
  512000   1.000044  0.5000479 0.03220534     0.9375  0.5047703   0.201923 
 1000000   1.000021  0.5000214 0.03329994     0.9375   0.500563  0.1893806 

# /home/tomfy/mcmc_toy/src/mcmc_toy; 4; 2; -0.5; 0.015625; 0.5; 0.5; 0.015625; 0.5; 1000000; 1; 1; 1; gaussian; 0.6541; 0.105102739176583; 0; 4; 360; 66126; mcmc; 1; 
# n_dimensions: 4 
# n_peaks: 2 
# peak 0; position,sigma,weight: -0.50000  0.01562  0.50000 
# peak 1; position,sigma,weight:  0.50000  0.01562  0.50000 
# target mean, variance:                0   0.250244140625 
# burn-in, mcmc steps: 0 1000000 
# n temperatures: 1 
#  T, rate, Proposal(shape,W1,W2,p1):   1.00000  1.00000      gaussian  0.65410  0.10510  0.00000 
#  n_bins: 4 n_bins_1d: 360 
# seed: 66126  chain_type: mcmc neighbor_swap_only: 1 
    1000  0.9994687  0.6491886 0.009140193     0.9375    0.98972  0.9604997 
    2000   1.001578  0.6056695 0.01256153     0.9375    0.98238    0.93483 
    4000  0.9995091  0.5676768 0.01494551     0.9375  0.9689442  0.8916782 
    8000  0.9995555  0.5473278  0.0171174     0.9375  0.9448539  0.8219568 
   16000  0.9989558  0.5236209 0.01978263     0.9375  0.9054705  0.7260835 
   32000  0.9993302  0.5073574  0.0227028     0.9375   0.839492  0.6054967 
   64000  0.9994814  0.5030096 0.02484954     0.9375  0.7602458  0.4950208 
  128000  0.9997632  0.5012789 0.02626368     0.9375  0.6752155  0.3967267 
  256000  0.9999373  0.5004561  0.0283583     0.9375  0.6001982  0.3193454 
  512000  0.9999317  0.5001865 0.03012698     0.9375   0.548314  0.2676746 
 1000000   1.000031  0.5000756 0.03132904     0.9375  0.5184527  0.2365858 

# /home/tomfy/mcmc_toy/src/mcmc_toy; 4; 2; -0.5; 0.015625; 0.5; 0.5; 0.015625; 0.5; 1000000; 1; 1; 1; gaussian; 0.6541; 0.148615273195688; 0; 4; 360; 690527; mcmc; 1; 
# n_dimensions: 4 
# n_peaks: 2 
# peak 0; position,sigma,weight: -0.50000  0.01562  0.50000 
# peak 1; position,sigma,weight:  0.50000  0.01562  0.50000 
# target mean, variance:                0   0.250244140625 
# burn-in, mcmc steps: 0 1000000 
# n temperatures: 1 
#  T, rate, Proposal(shape,W1,W2,p1):   1.00000  1.00000      gaussian  0.65410  0.14862  0.00000 
#  n_bins: 4 n_bins_1d: 360 
# seed: 690527  chain_type: mcmc neighbor_swap_only: 1 
    1000   1.002507  0.7201169 0.003836799     0.9375  0.9953689   0.981945 
    2000  0.9999769   0.703345 0.005197446     0.9375    0.99374  0.9758707 
    4000  0.9998089  0.6621112 0.008498365     0.9375  0.9901425  0.9627835 
    8000    1.00089  0.6212929 0.01131271     0.9375  0.9832797  0.9383451 
   16000    1.00152  0.5782094 0.01458086     0.9375  0.9693782  0.8919438 
   32000  0.9999064  0.5392563 0.01759982     0.9375   0.943397  0.8186083 
   64000  0.9999628   0.525906  0.0211297     0.9375  0.9039047  0.7257273 
  128000   1.000519  0.5119512 0.02367464     0.9375  0.8399128  0.6141538 
  256000   1.000355   0.502486 0.02539762     0.9375  0.7554459  0.4960506 
  512000   1.000119  0.5010951 0.02722424     0.9375   0.671646  0.4016594 
 1000000   1.000043  0.5004225 0.02887661     0.9375  0.5996614  0.3305305 

# /home/tomfy/mcmc_toy/src/mcmc_toy; 4; 2; -0.5; 0.015625; 0.5; 0.5; 0.015625; 0.5; 1000000; 1; 1; 1; gaussian; 0.6541; 0.210141996298703; 0; 4; 360; 548416; mcmc; 1; 
# n_dimensions: 4 
# n_peaks: 2 
# peak 0; position,sigma,weight: -0.50000  0.01562  0.50000 
# peak 1; position,sigma,weight:  0.50000  0.01562  0.50000 
# target mean, variance:                0   0.250244140625 
# burn-in, mcmc steps: 0 1000000 
# n temperatures: 1 
#  T, rate, Proposal(shape,W1,W2,p1):   1.00000  1.00000      gaussian  0.65410  0.21014  0.00000 
#  n_bins: 4 n_bins_1d: 360 
# seed: 548416  chain_type: mcmc neighbor_swap_only: 1 
    1000   1.003119  0.7410481 0.001600902     0.9375  0.9966666  0.9868395 
    2000   1.004584  0.7293702  0.0026044     0.9375  0.9961666  0.9849608 
    4000   1.004245  0.7181994 0.003435941     0.9375  0.9951494  0.9810618 
    8000   1.001062   0.690196 0.006129416   0.936875  0.9931267  0.9732941 
   16000   1.000343  0.6428548 0.008678417   0.936875  0.9888435  0.9573567 
   32000   1.000451  0.6078982 0.01261772   0.936875  0.9829007  0.9359624 
   64000  0.9992734   0.573345 0.01422554   0.936875  0.9687473  0.8895151 
  128000  0.9979107  0.5405522 0.01695862  0.9370667  0.9440007   0.821852 
  256000  0.9956579    0.51747 0.02034561  0.9366986  0.8997564  0.7213195 
  512000  0.9972956  0.5071598  0.0232653  0.9367868  0.8324885  0.6013462 
 1000000  0.9985068  0.5032596 0.02556652  0.9368298  0.7545879  0.4990467 

# /home/tomfy/mcmc_toy/src/mcmc_toy; 4; 2; -0.5; 0.015625; 0.5; 0.5; 0.015625; 0.5; 1000000; 1; 1; 1; gaussian; 0.6541; 0.297140782766365; 0; 4; 360; 720517; mcmc; 1; 
# n_dimensions: 4 
# n_peaks: 2 
# peak 0; position,sigma,weight: -0.50000  0.01562  0.50000 
# peak 1; position,sigma,weight:  0.50000  0.01562  0.50000 
# target mean, variance:                0   0.250244140625 
# burn-in, mcmc steps: 0 1000000 
# n temperatures: 1 
#  T, rate, Proposal(shape,W1,W2,p1):   1.00000  1.00000      gaussian  0.65410  0.29714  0.00000 
#  n_bins: 4 n_bins_1d: 360 
# seed: 720517  chain_type: mcmc neighbor_swap_only: 1 
    1000  0.9998874  0.7540718 0.0007643862     0.9375  0.9970555  0.9883056 
    2000  0.9993735  0.7474571 0.0004611637     0.9375  0.9969444  0.9879072 
    4000  0.9994995  0.7415628 0.0007803697     0.9375  0.9965278  0.9862222 
    8000   0.999769  0.7282785 0.001853511     0.9375  0.9960555  0.9843333 
   16000   1.000193  0.7181365 0.003055555     0.9375  0.9953055  0.9814756 
   32000  0.9996216  0.6954431 0.004860733     0.9375  0.9933611  0.9740668 
   64000  0.9995347  0.6584104 0.009030499  0.9368647  0.9894286  0.9597164 
  128000  0.9905893  0.6244506 0.01214599  0.9346334  0.9817019   0.932788 
  256000  0.9715577  0.5754695 0.01995265   0.928125  0.9688621  0.8900807 
  512000  0.9379327  0.5238238 0.02954061  0.9132331  0.9390184  0.8068811 
 1000000  0.8702968  0.4898851 0.05035841  0.8934986  0.8950095  0.7069737 

# /home/tomfy/mcmc_toy/src/mcmc_toy; 4; 2; -0.5; 0.015625; 0.5; 0.5; 0.015625; 0.5; 1000000; 1; 1; 1; gaussian; 0.6541; 0.420157066831641; 0; 4; 360; 618136; mcmc; 1; 
# n_dimensions: 4 
# n_peaks: 2 
# peak 0; position,sigma,weight: -0.50000  0.01562  0.50000 
# peak 1; position,sigma,weight:  0.50000  0.01562  0.50000 
# target mean, variance:                0   0.250244140625 
# burn-in, mcmc steps: 0 1000000 
# n temperatures: 1 
#  T, rate, Proposal(shape,W1,W2,p1):   1.00000  1.00000      gaussian  0.65410  0.42016  0.00000 
#  n_bins: 4 n_bins_1d: 360 
# seed: 618136  chain_type: mcmc neighbor_swap_only: 1 
    1000  0.9950132  0.7336244 6.086123e-05     0.9375  0.9971666    0.98875 
    2000  0.9941331  0.7324994 0.006194549   0.936875  0.9970833  0.9884167 
    4000  0.9885508  0.7226644 0.00478225   0.935625      0.997  0.9880945 
    8000  0.9897761   0.722087 0.006345135   0.935625  0.9968889  0.9876389 
   16000  0.9913111  0.7143877 0.01000456      0.935  0.9966389  0.9866625 
   32000  0.9854718  0.7090591 0.01642879  0.9318675  0.9960234  0.9842593 
   64000  0.9621654  0.6835178 0.02650803  0.9264481   0.994847  0.9800391 
  128000  0.9198054  0.6679389 0.03704377  0.9139495   0.992222  0.9704146 
  256000  0.8896723   0.621747 0.06326659  0.8977736  0.9878305  0.9547019 
  512000  0.7970747  0.5663308 0.08051677  0.8665755  0.9789606  0.9246885 
 1000000  0.6242117  0.4664812   0.147707  0.7983096  0.9592767  0.8632488 

# /home/tomfy/mcmc_toy/src/mcmc_toy; 4; 2; -0.5; 0.015625; 0.5; 0.5; 0.015625; 0.5; 1000000; 1; 1; 1; gaussian; 0.6541; 0.59410209249994; 0; 4; 360; 853400; mcmc; 1; 
# n_dimensions: 4 
# n_peaks: 2 
# peak 0; position,sigma,weight: -0.50000  0.01562  0.50000 
# peak 1; position,sigma,weight:  0.50000  0.01562  0.50000 
# target mean, variance:                0   0.250244140625 
# burn-in, mcmc steps: 0 1000000 
# n temperatures: 1 
#  T, rate, Proposal(shape,W1,W2,p1):   1.00000  1.00000      gaussian  0.65410  0.59410  0.00000 
#  n_bins: 4 n_bins_1d: 360 
# seed: 853400  chain_type: mcmc neighbor_swap_only: 1 
    1000  0.9972831  0.7554542 0.003848735   0.936875  0.9971944  0.9888889 
    2000  0.9926701  0.7554542 0.0004258594   0.936875  0.9971944  0.9888889 
    4000  0.9948702  0.7554542 0.002563157   0.936875  0.9971944  0.9888889 
    8000  0.9950952  0.7539353 0.00369209    0.93625  0.9971666  0.9887778 
   16000  0.9866411  0.7469348 0.006759886  0.9349544      0.997  0.9881581 
   32000  0.9747684   0.739233 0.005284378  0.9322106  0.9968055  0.9873889 
   64000  0.9384288   0.726527 0.02360441  0.9254803  0.9961537  0.9850085 
  128000  0.8855574  0.6877801 0.03701533  0.9091737  0.9944193  0.9785543 
  256000  0.7980755  0.6209811 0.08480255  0.8801055   0.991543  0.9684232 
  512000   0.692409  0.5586735   0.133001  0.8364721  0.9869656  0.9519286 
 1000000  0.5098131  0.4755049  0.1805657   0.763554  0.9778944  0.9206944 

# /home/tomfy/mcmc_toy/src/mcmc_toy; 4; 2; -0.5; 0.015625; 0.5; 0.5; 0.015625; 0.5; 1000000; 1; 1; 1; gaussian; 0.6541; 0.840060358794915; 0; 4; 360; 961078; mcmc; 1; 
# n_dimensions: 4 
# n_peaks: 2 
# peak 0; position,sigma,weight: -0.50000  0.01562  0.50000 
# peak 1; position,sigma,weight:  0.50000  0.01562  0.50000 
# target mean, variance:                0   0.250244140625 
# burn-in, mcmc steps: 0 1000000 
# n temperatures: 1 
#  T, rate, Proposal(shape,W1,W2,p1):   1.00000  1.00000      gaussian  0.65410  0.84006  0.00000 
#  n_bins: 4 n_bins_1d: 360 
# seed: 961078  chain_type: mcmc neighbor_swap_only: 1 
    1000  0.9966522  0.7509139 2.935033e-06   0.936875  0.9971944  0.9887778 
    2000  0.9974907  0.7509139 1.51047e-05   0.936875  0.9971944  0.9887778 
    4000  0.9981221  0.7509139 3.392807e-05   0.936875  0.9971666  0.9886667 
    8000  0.9946641  0.7461489 0.0004592943   0.936405  0.9971111  0.9884445 
   16000  0.9802214  0.7426614 0.005129029    0.93414  0.9969722  0.9878889 
   32000  0.9610964  0.7298377 0.01312775    0.93099  0.9968055  0.9872222 
   64000  0.9535158  0.7244727 0.01979923  0.9266547  0.9965555  0.9862746 
  128000  0.9285223  0.7121035 0.04330205  0.9184709  0.9960679  0.9845621 
  256000  0.8387199  0.6885253 0.07762302   0.899537  0.9947631  0.9795208 
  512000  0.6930125  0.6040749 0.09079692   0.863647  0.9922852  0.9700441 
 1000000  0.5487449  0.5361089  0.1488185  0.8018966   0.986909  0.9510169 

# /home/tomfy/mcmc_toy/src/mcmc_toy; 4; 2; -0.5; 0.015625; 0.5; 0.5; 0.015625; 0.5; 1000000; 1; 1; 1; gaussian; 0.6541; 1.18784534733601; 0; 4; 360; 78722; mcmc; 1; 
# n_dimensions: 4 
# n_peaks: 2 
# peak 0; position,sigma,weight: -0.50000  0.01562  0.50000 
# peak 1; position,sigma,weight:  0.50000  0.01562  0.50000 
# target mean, variance:                0   0.250244140625 
# burn-in, mcmc steps: 0 1000000 
# n temperatures: 1 
#  T, rate, Proposal(shape,W1,W2,p1):   1.00000  1.00000      gaussian  0.65410  1.18785  0.00000 
#  n_bins: 4 n_bins_1d: 360 
# seed: 78722  chain_type: mcmc neighbor_swap_only: 1 
    1000  0.9938592   0.737953 2.298086e-05   0.936875  0.9971944  0.9887778 
    2000  0.9956878   0.737953 3.235417e-06   0.936875  0.9971944  0.9887778 
    4000  0.9944678   0.737953 2.757096e-05    0.93625  0.9971666  0.9886667 
    8000  0.9937812   0.737953 8.331849e-05  0.9363525  0.9971666  0.9886667 
   16000  0.9928948   0.737953 5.438841e-05  0.9359888  0.9971389  0.9885556 
   32000  0.9915835  0.7371236 0.001340196  0.9348694  0.9970833  0.9883333 
   64000  0.9857724  0.7350694 0.005596822   0.933173  0.9969166  0.9877403 
  128000  0.9550537  0.7256105  0.0201564   0.929167  0.9966666  0.9868562 
  256000   0.907891  0.7136086 0.03040187  0.9185612  0.9961781  0.9848328 
  512000  0.8061858  0.6698829 0.05819988  0.8992428  0.9951029  0.9807228 
 1000000  0.7200537  0.6295603 0.09373436  0.8691255  0.9933101  0.9740226 

# /home/tomfy/mcmc_toy/src/mcmc_toy; 4; 2; -0.5; 0.015625; 0.5; 0.5; 0.015625; 0.5; 1000000; 1; 1; 1; gaussian; 0.6541; 1.67961332113312; 0; 4; 360; 66060; mcmc; 1; 
# n_dimensions: 4 
# n_peaks: 2 
# peak 0; position,sigma,weight: -0.50000  0.01562  0.50000 
# peak 1; position,sigma,weight:  0.50000  0.01562  0.50000 
# target mean, variance:                0   0.250244140625 
# burn-in, mcmc steps: 0 1000000 
# n temperatures: 1 
#  T, rate, Proposal(shape,W1,W2,p1):   1.00000  1.00000      gaussian  0.65410  1.67961  0.00000 
#  n_bins: 4 n_bins_1d: 360 
# seed: 66060  chain_type: mcmc neighbor_swap_only: 1 
    1000   1.002486  0.7602871          0     0.9375  0.9972222  0.9889167 
    2000   1.002486  0.7602871          0     0.9375  0.9972222  0.9889167 
    4000   1.002486  0.7602871          0     0.9375  0.9972222  0.9889167 
    8000  0.9933107  0.7518146 0.002287589    0.93625  0.9971666  0.9887222 
   16000  0.9947129  0.7525915 0.003634238    0.93625  0.9971389  0.9886111 
   32000  0.9955242  0.7541752 0.01200978   0.935625  0.9971111     0.9885 
   64000  0.9939755  0.7509181 0.01559264  0.9352778  0.9970555  0.9882778 
  128000  0.9788717  0.7416483 0.01947448  0.9336545  0.9969722  0.9879445 
  256000  0.9539276  0.7301988  0.0132269  0.9299047    0.99675  0.9871111 
  512000  0.9097987  0.7187858 0.02785788  0.9207825  0.9962222  0.9851456 
 1000000  0.8418318  0.6917253 0.04855204  0.9068931     0.9955   0.982444 

# /home/tomfy/mcmc_toy/src/mcmc_toy; 4; 2; -0.5; 0.015625; 0.5; 0.5; 0.015625; 0.5; 1000000; 1; 1; 1; gaussian; 0.6541; 2.37497323608223; 0; 4; 360; 507662; mcmc; 1; 
# n_dimensions: 4 
# n_peaks: 2 
# peak 0; position,sigma,weight: -0.50000  0.01562  0.50000 
# peak 1; position,sigma,weight:  0.50000  0.01562  0.50000 
# target mean, variance:                0   0.250244140625 
# burn-in, mcmc steps: 0 1000000 
# n temperatures: 1 
#  T, rate, Proposal(shape,W1,W2,p1):   1.00000  1.00000      gaussian  0.65410  2.37497  0.00000 
#  n_bins: 4 n_bins_1d: 360 
# seed: 507662  chain_type: mcmc neighbor_swap_only: 1 
    1000  0.9888576  0.7448332 0.003272056   0.936875  0.9971944  0.9888611 
    2000  0.9903274  0.7436048 0.0002500172   0.936875  0.9971944  0.9888611 
    4000  0.9937698  0.7436048 0.001261002   0.936875  0.9971944  0.9888611 
    8000  0.9961679  0.7436113 0.002016512   0.936875  0.9971944  0.9888611 
   16000  0.9975361  0.7439775 0.002394267  0.9371337  0.9971944  0.9888611 
   32000  0.9965537  0.7431694 0.00654139  0.9366919  0.9971666    0.98875 
   64000  0.9939116  0.7405204 0.003179077  0.9367834  0.9971666  0.9887696 
  128000  0.9954296  0.7420677 0.005475267  0.9368292  0.9971389  0.9887598 
  256000  0.9898841  0.7393594 0.007682567  0.9362271   0.997116  0.9886716 
  512000  0.9864861  0.7418894 0.01603797   0.934712  0.9970441  0.9883497 
 1000000  0.9736217  0.7362785 0.01870646  0.9311869   0.996883  0.9877164 

# /home/tomfy/mcmc_toy/src/mcmc_toy; 4; 2; -0.5; 0.015625; 0.5; 0.5; 0.015625; 0.5; 1000000; 1; 1; 1; gaussian; 0.6541; 3.35821215582027; 0; 4; 360; 213122; mcmc; 1; 
# n_dimensions: 4 
# n_peaks: 2 
# peak 0; position,sigma,weight: -0.50000  0.01562  0.50000 
# peak 1; position,sigma,weight:  0.50000  0.01562  0.50000 
# target mean, variance:                0   0.250244140625 
# burn-in, mcmc steps: 0 1000000 
# n temperatures: 1 
#  T, rate, Proposal(shape,W1,W2,p1):   1.00000  1.00000      gaussian  0.65410  3.35821  0.00000 
#  n_bins: 4 n_bins_1d: 360 
# seed: 213122  chain_type: mcmc neighbor_swap_only: 1 
    1000  0.9983608  0.7308631          0     0.9375  0.9972222      0.989 
    2000  0.9983608  0.7308631          0     0.9375  0.9972222      0.989 
    4000  0.9983608  0.7308631          0     0.9375  0.9972222      0.989 
    8000  0.9983608  0.7308631          0     0.9375  0.9972222      0.989 
   16000  0.9983608  0.7308631          0     0.9375  0.9972222      0.989 
   32000  0.9983608  0.7308631          0     0.9375  0.9972222      0.989 
   64000  0.9954672  0.7293344 3.155996e-05   0.936875  0.9971944  0.9888889 
  128000  0.9959889  0.7293344 4.64853e-05   0.936875  0.9971944  0.9888889 
  256000  0.9968177  0.7293344 8.550793e-05   0.936875  0.9971944  0.9888889 
  512000  0.9953223  0.7280329 0.005093965    0.93625  0.9971389  0.9886667 
 1000000  0.9936116  0.7254359 0.000921794  0.9365386  0.9971389  0.9886667 

# /home/tomfy/mcmc_toy/src/mcmc_toy; 4; 2; -0.5; 0.015625; 0.5; 0.5; 0.015625; 0.5; 1000000; 1; 1; 1; gaussian; 0.6541; 4.74851198832986; 0; 4; 360; 840054; mcmc; 1; 
# n_dimensions: 4 
# n_peaks: 2 
# peak 0; position,sigma,weight: -0.50000  0.01562  0.50000 
# peak 1; position,sigma,weight:  0.50000  0.01562  0.50000 
# target mean, variance:                0   0.250244140625 
# burn-in, mcmc steps: 0 1000000 
# n temperatures: 1 
#  T, rate, Proposal(shape,W1,W2,p1):   1.00000  1.00000      gaussian  0.65410  4.74851  0.00000 
#  n_bins: 4 n_bins_1d: 360 
# seed: 840054  chain_type: mcmc neighbor_swap_only: 1 
    1000  0.9949836  0.7510471          0     0.9375  0.9972222  0.9888889 
    2000  0.9949836  0.7510471          0     0.9375  0.9972222  0.9888889 
    4000  0.9949836  0.7510471          0     0.9375  0.9972222  0.9888889 
    8000  0.9949836  0.7510471          0     0.9375  0.9972222  0.9888889 
   16000  0.9949836  0.7510471          0     0.9375  0.9972222  0.9888889 
   32000  0.9949836  0.7510471          0     0.9375  0.9972222  0.9888889 
   64000  0.9949836  0.7510471          0     0.9375  0.9972222  0.9888889 
  128000  0.9949836  0.7510471          0     0.9375  0.9972222  0.9888889 
  256000  0.9949836  0.7510471          0     0.9375  0.9972222  0.9888889 
  512000  0.9949836  0.7510471          0     0.9375  0.9972222  0.9888889 
 1000000   0.990006  0.7468306 0.0005788169   0.936875  0.9971944  0.9887778 

# /home/tomfy/mcmc_toy/src/mcmc_toy; 4; 2; -0.5; 0.015625; 0.5; 0.5; 0.015625; 0.5; 1000000; 1; 1; 1; gaussian; 0.6541; 6.71439595149842; 0; 4; 360; 16610; mcmc; 1; 
# n_dimensions: 4 
# n_peaks: 2 
# peak 0; position,sigma,weight: -0.50000  0.01562  0.50000 
# peak 1; position,sigma,weight:  0.50000  0.01562  0.50000 
# target mean, variance:                0   0.250244140625 
# burn-in, mcmc steps: 0 1000000 
# n temperatures: 1 
#  T, rate, Proposal(shape,W1,W2,p1):   1.00000  1.00000      gaussian  0.65410  6.71440  0.00000 
#  n_bins: 4 n_bins_1d: 360 
# seed: 16610  chain_type: mcmc neighbor_swap_only: 1 
    1000  0.9945309  0.7378042          0     0.9375  0.9972222      0.989 
    2000  0.9945309  0.7378042          0     0.9375  0.9972222      0.989 
    4000  0.9945309  0.7378042          0     0.9375  0.9972222      0.989 
    8000  0.9945309  0.7378042          0     0.9375  0.9972222      0.989 
   16000  0.9945309  0.7378042          0     0.9375  0.9972222      0.989 
   32000  0.9945309  0.7378042          0     0.9375  0.9972222      0.989 
   64000  0.9945309  0.7378042          0     0.9375  0.9972222      0.989 
  128000  0.9945309  0.7378042          0     0.9375  0.9972222      0.989 
  256000  0.9945309  0.7378042          0     0.9375  0.9972222      0.989 
  512000  0.9945309  0.7378042          0     0.9375  0.9972222      0.989 
 1000000  0.9945309  0.7378042          0     0.9375  0.9972222      0.989 

# /home/tomfy/mcmc_toy/src/mcmc_toy; 4; 2; -0.5; 0.015625; 0.5; 0.5; 0.015625; 0.5; 1000000; 1; 1; 1; gaussian; 0.6541; 9.49415587541877; 0; 4; 360; 246901; mcmc; 1; 
# n_dimensions: 4 
# n_peaks: 2 
# peak 0; position,sigma,weight: -0.50000  0.01562  0.50000 
# peak 1; position,sigma,weight:  0.50000  0.01562  0.50000 
# target mean, variance:                0   0.250244140625 
# burn-in, mcmc steps: 0 1000000 
# n temperatures: 1 
#  T, rate, Proposal(shape,W1,W2,p1):   1.00000  1.00000      gaussian  0.65410  9.49416  0.00000 
#  n_bins: 4 n_bins_1d: 360 
# seed: 246901  chain_type: mcmc neighbor_swap_only: 1 
    1000   1.002635  0.7619597          0     0.9375  0.9972222  0.9889167 
    2000   1.002635  0.7619597          0     0.9375  0.9972222  0.9889167 
    4000   1.002635  0.7619597          0     0.9375  0.9972222  0.9889167 
    8000   1.002635  0.7619597          0     0.9375  0.9972222  0.9889167 
   16000   1.002635  0.7619597          0     0.9375  0.9972222  0.9889167 
   32000   1.002635  0.7619597          0     0.9375  0.9972222  0.9889167 
   64000   1.002635  0.7619597          0     0.9375  0.9972222  0.9889167 
  128000   1.002635  0.7619597          0     0.9375  0.9972222  0.9889167 
  256000   1.002635  0.7619597          0     0.9375  0.9972222  0.9889167 
  512000   1.002635  0.7619597          0     0.9375  0.9972222  0.9889167 
 1000000   1.002635  0.7619597          0     0.9375  0.9972222  0.9889167 

# /home/tomfy/mcmc_toy/src/mcmc_toy; 4; 2; -0.5; 0.015625; 0.5; 0.5; 0.015625; 0.5; 1000000; 1; 1; 1; gaussian; 0.6541; 13.4247364078421; 0; 4; 360; 125457; mcmc; 1; 
# n_dimensions: 4 
# n_peaks: 2 
# peak 0; position,sigma,weight: -0.50000  0.01562  0.50000 
# peak 1; position,sigma,weight:  0.50000  0.01562  0.50000 
# target mean, variance:                0   0.250244140625 
# burn-in, mcmc steps: 0 1000000 
# n temperatures: 1 
#  T, rate, Proposal(shape,W1,W2,p1):   1.00000  1.00000      gaussian  0.65410 13.42474  0.00000 
#  n_bins: 4 n_bins_1d: 360 
# seed: 125457  chain_type: mcmc neighbor_swap_only: 1 
    1000   1.004257  0.7638653          0     0.9375  0.9972222  0.9889167 
    2000   1.004257  0.7638653          0     0.9375  0.9972222  0.9889167 
    4000   1.004257  0.7638653          0     0.9375  0.9972222  0.9889167 
    8000   1.004257  0.7638653          0     0.9375  0.9972222  0.9889167 
   16000   1.004257  0.7638653          0     0.9375  0.9972222  0.9889167 
   32000   1.004257  0.7638653          0     0.9375  0.9972222  0.9889167 
   64000   1.004257  0.7638653          0     0.9375  0.9972222  0.9889167 
  128000   1.004257  0.7638653          0     0.9375  0.9972222  0.9889167 
  256000   1.004257  0.7638653          0     0.9375  0.9972222  0.9889167 
  512000   1.004257  0.7638653          0     0.9375  0.9972222  0.9889167 
 1000000   1.004257  0.7638653          0     0.9375  0.9972222  0.9889167 

# /home/tomfy/mcmc_toy/src/mcmc_toy; 4; 2; -0.5; 0.015625; 0.5; 0.5; 0.015625; 0.5; 1000000; 1; 1; 1; gaussian; 0.6541; 18.9825772806888; 0; 4; 360; 161812; mcmc; 1; 
# n_dimensions: 4 
# n_peaks: 2 
# peak 0; position,sigma,weight: -0.50000  0.01562  0.50000 
# peak 1; position,sigma,weight:  0.50000  0.01562  0.50000 
# target mean, variance:                0   0.250244140625 
# burn-in, mcmc steps: 0 1000000 
# n temperatures: 1 
#  T, rate, Proposal(shape,W1,W2,p1):   1.00000  1.00000      gaussian  0.65410 18.98258  0.00000 
#  n_bins: 4 n_bins_1d: 360 
# seed: 161812  chain_type: mcmc neighbor_swap_only: 1 
    1000   1.003282  0.7700705          0     0.9375  0.9972222  0.9888889 
    2000   1.003282  0.7700705          0     0.9375  0.9972222  0.9888889 
    4000   1.003282  0.7700705          0     0.9375  0.9972222  0.9888889 
    8000   1.003282  0.7700705          0     0.9375  0.9972222  0.9888889 
   16000   1.003282  0.7700705          0     0.9375  0.9972222  0.9888889 
   32000   1.003282  0.7700705          0     0.9375  0.9972222  0.9888889 
   64000   1.003282  0.7700705          0     0.9375  0.9972222  0.9888889 
  128000   1.003282  0.7700705          0     0.9375  0.9972222  0.9888889 
  256000   1.002908   0.769765 0.008006964  0.9369878  0.9971389  0.9887856 
  512000   1.003554  0.7667235 0.003557157   0.936631  0.9971389  0.9887778 
 1000000   1.000395  0.7686331 0.004203106  0.9356017  0.9971111  0.9887778 

