# T:          1         0        0      62500    22049     62500    32854 
# T:    1.95432         0        0      62500    22046     62500    38107 
# T:    3.81937         0        0      62500    22204     62500    40857 
# T:    7.46426         0        0      62500    22192     62500    41821 
# T:    14.5876         0        0      62500    22200     62500    42337 
# T:    28.5088         0        0      62500    22404     62500    42204 
# T:    55.7152         0        0      62500    23785     62500    43007 
# T:    108.885         0        0      62500    30259     62500    47099 
# T:    212.797         0        0      62500    38724     62500    50948 
# T:    415.873         0        0      62500    44228     62500    52779 
# T:    812.749         0        0      62500    45546     62500    52879 
# T:    1588.37         0        0      62500    44309     62500    51692 
# T:    3104.19         0        0      62500    41134     62500    50112 
# T:    6066.58         0        0      62500    37714     62500    48654 
# T:      11856         0        0      62500    34123     62500    46827 
# T:    23170.5         0        0      62500    31166 
