# T:          1         0        0      31250     8264     31250    17879 
# T:    1.38294         0        0      31250     8400     31250    17690 
# T:    1.91253         0        0      31250     8458     31250    18596 
# T:    2.64492         0        0      31250     8308     31250    19116 
# T:    3.65778         0        0      31250     8357     31250    19763 
# T:     5.0585         0        0      31250     8388     31250    20137 
# T:    6.99562         0        0      31250     8514     31250    20300 
# T:    9.67454         0        0      31250     8543     31250    20400 
# T:    13.3793         0        0      31250     8458     31250    20597 
# T:    18.5029         0        0      31250     8358     31250    20597 
# T:    25.5884         0        0      31250     8403     31250    20797 
# T:    35.3873         0        0      31250     8551     31250    20492 
# T:    48.9387         0        0      31250     8504     31250    20472 
# T:    67.6794         0        0      31250     9059     31250    21303 
# T:    93.5968         0        0      31250    10016     31250    22285 
# T:    129.439         0        0      31250    11248     31250    23153 
# T:    179.007         0        0      31250    13082     31250    24380 
# T:    247.556         0        0      31250    14842     31250    25053 
# T:    342.356         0        0      31250    16672     31250    25517 
# T:    473.459         0        0      31250    17911     31250    25680 
# T:    654.767         0        0      31250    18634     31250    25583 
# T:    905.506         0        0      31250    18784     31250    25485 
# T:    1252.26         0        0      31250    18773     31250    25014 
# T:    1731.81         0        0      31250    18307     31250    24614 
# T:    2394.99         0        0      31250    17380     31250    24252 
# T:    3312.14         0        0      31250    16617     31250    24042 
# T:     4580.5         0        0      31250    16030     31250    23658 
# T:    6334.58         0        0      31250    15275     31250    23170 
# T:    8760.36         0        0      31250    14590     31250    22917 
# T:    12115.1         0        0      31250    13692     31250    22531 
# T:    16754.5         0        0      31250    13141     31250    22285 
# T:    23170.5         0        0      31250    12538 
