# /home/tomfy/mcmc_toy/src/mcmc_toy; 6; 2; -0.5; 0.015625; 0.5; 0.5; 0.015625; 0.5; 1000000; 1; 1; 1; gaussian; 5454; 0.0151817333016249; 0; 4; 360; 254655; mcmc; 1; 
# n_dimensions: 6 
# n_peaks: 2 
# peak 0; position,sigma,weight: -0.50000  0.01562  0.50000 
# peak 1; position,sigma,weight:  0.50000  0.01562  0.50000 
# target mean, variance:                0   0.250244140625 
# burn-in, mcmc steps: 0 1000000 
# n temperatures: 1 
#  T, rate, Proposal(shape,W1,W2,p1):   1.00000  1.00000      gaussian 5454.00000  0.01518  0.00000 
#  n_bins: 4 n_bins_1d: 360 
# seed: 254655  chain_type: mcmc neighbor_swap_only: 1 
    1000   1.499588  0.5043388 0.02144857   0.984375     0.6501  0.3019994 
    2000   1.500076  0.5017889 0.02372322   0.984375  0.5767478  0.2503031 
    4000     1.5001  0.5009886 0.02561677   0.984375    0.53128  0.2179482 
    8000   1.500116  0.5004178 0.02720941   0.984375  0.5084172  0.1988885 
   16000   1.500002  0.5001806 0.02849554   0.984375  0.5011276  0.1882765 
   32000   1.499898  0.5000935 0.02971495   0.984375  0.5000443  0.1817592 
   64000   1.499966  0.5000407 0.03156084   0.984375        0.5   0.177221 
  128000    1.49997  0.5000216 0.03284545   0.984375        0.5  0.1741229 
  256000   1.500009  0.5000102 0.03413622   0.984375        0.5    0.17198 
  512000   1.499977  0.5000057  0.0351732   0.984375        0.5  0.1704301 
 1000000   1.499989  0.5000025 0.03657555   0.984375        0.5  0.1693732 

# /home/tomfy/mcmc_toy/src/mcmc_toy; 6; 2; -0.5; 0.015625; 0.5; 0.5; 0.015625; 0.5; 1000000; 1; 1; 1; gaussian; 5454; 0.0214669708884976; 0; 4; 360; 122521; mcmc; 1; 
# n_dimensions: 6 
# n_peaks: 2 
# peak 0; position,sigma,weight: -0.50000  0.01562  0.50000 
# peak 1; position,sigma,weight:  0.50000  0.01562  0.50000 
# target mean, variance:                0   0.250244140625 
# burn-in, mcmc steps: 0 1000000 
# n temperatures: 1 
#  T, rate, Proposal(shape,W1,W2,p1):   1.00000  1.00000      gaussian 5454.00000  0.02147  0.00000 
#  n_bins: 4 n_bins_1d: 360 
# seed: 122521  chain_type: mcmc neighbor_swap_only: 1 
    1000   1.500137  0.5067494 0.02090731   0.984375  0.7488889  0.3840922 
    2000   1.499951  0.5027037 0.02314848   0.984375  0.6564361  0.3023264 
    4000   1.500401  0.5013051 0.02479545   0.984375  0.5840517  0.2466896 
    8000   1.500212  0.5006613  0.0259959   0.984375  0.5358758  0.2099974 
   16000   1.500032  0.5002984 0.02758958   0.984375  0.5111253  0.1877992 
   32000   1.500021  0.5001445 0.02909802   0.984375   0.501665   0.175291 
   64000   1.499933  0.5000611 0.03078988   0.984375  0.5001073  0.1684665 
  128000   1.500038  0.5000241 0.03270604   0.984375        0.5  0.1639865 
  256000   1.500016  0.5000131 0.03363757   0.984375        0.5  0.1608449 
  512000   1.499998  0.5000088 0.03454275   0.984375        0.5  0.1586373 
 1000000   1.500002  0.5000039 0.03561318   0.984375        0.5  0.1571323 

# /home/tomfy/mcmc_toy/src/mcmc_toy; 6; 2; -0.5; 0.015625; 0.5; 0.5; 0.015625; 0.5; 1000000; 1; 1; 1; gaussian; 5454; 0.0303542968363356; 0; 4; 360; 674451; mcmc; 1; 
# n_dimensions: 6 
# n_peaks: 2 
# peak 0; position,sigma,weight: -0.50000  0.01562  0.50000 
# peak 1; position,sigma,weight:  0.50000  0.01562  0.50000 
# target mean, variance:                0   0.250244140625 
# burn-in, mcmc steps: 0 1000000 
# n temperatures: 1 
#  T, rate, Proposal(shape,W1,W2,p1):   1.00000  1.00000      gaussian 5454.00000  0.03035  0.00000 
#  n_bins: 4 n_bins_1d: 360 
# seed: 674451  chain_type: mcmc neighbor_swap_only: 1 
    1000   1.500623  0.5145196 0.01918704   0.984375     0.8727  0.5773167 
    2000   1.499764   0.507089 0.02166964   0.984375  0.7958683  0.4590033 
    4000   1.499928  0.5029182  0.0238112   0.984375    0.70739  0.3630689 
    8000   1.500055  0.5013542 0.02615159   0.984375   0.622986  0.2925693 
   16000   1.499715  0.5005253 0.02726207   0.984375  0.5619172  0.2461874 
   32000   1.499783  0.5001732 0.02863047   0.984375  0.5243341  0.2163322 
   64000   1.499898  0.5001142 0.03009978   0.984375   0.506267  0.1988974 
  128000   1.500063  0.5000543  0.0314042   0.984375  0.5007638  0.1895025 
  256000   1.500048  0.5000273 0.03250658   0.984375   0.500026  0.1840709 
  512000   1.500082  0.5000109 0.03398072   0.984375        0.5   0.180392 
 1000000   1.500055  0.5000055 0.03530072   0.984375        0.5  0.1779192 

# /home/tomfy/mcmc_toy/src/mcmc_toy; 6; 2; -0.5; 0.015625; 0.5; 0.5; 0.015625; 0.5; 1000000; 1; 1; 1; gaussian; 5454; 0.0429209757265786; 0; 4; 360; 370624; mcmc; 1; 
# n_dimensions: 6 
# n_peaks: 2 
# peak 0; position,sigma,weight: -0.50000  0.01562  0.50000 
# peak 1; position,sigma,weight:  0.50000  0.01562  0.50000 
# target mean, variance:                0   0.250244140625 
# burn-in, mcmc steps: 0 1000000 
# n temperatures: 1 
#  T, rate, Proposal(shape,W1,W2,p1):   1.00000  1.00000      gaussian 5454.00000  0.04292  0.00000 
#  n_bins: 4 n_bins_1d: 360 
# seed: 370624  chain_type: mcmc neighbor_swap_only: 1 
    1000   1.498613  0.5520043 0.01525333   0.984375  0.9577433  0.8081389 
    2000    1.50016  0.5261416 0.01806714   0.984375    0.92116  0.6966247 
    4000   1.499739  0.5106986   0.021271   0.984375  0.8664311  0.5789825 
    8000   1.500643  0.5052371 0.02329163   0.984375  0.7912056  0.4673779 
   16000   1.500765  0.5020259 0.02507902   0.984375  0.7076359  0.3746941 
   32000   1.500408  0.5008721 0.02686285   0.984375  0.6280649  0.3012474 
   64000   1.500126  0.5003755   0.028789   0.984375  0.5665268   0.252507 
  128000   1.499965   0.500171 0.03035958   0.984375  0.5278747  0.2203894 
  256000   1.500034  0.5000638 0.03175155   0.984375  0.5080613  0.2013949 
  512000   1.500017  0.5000313 0.03283534   0.984375  0.5011942    0.19072 
 1000000    1.49999  0.5000153 0.03399738   0.984375   0.500035  0.1851535 

# /home/tomfy/mcmc_toy/src/mcmc_toy; 6; 2; -0.5; 0.015625; 0.5; 0.5; 0.015625; 0.5; 1000000; 1; 1; 1; gaussian; 5454; 0.0606902596773821; 0; 4; 360; 387940; mcmc; 1; 
# n_dimensions: 6 
# n_peaks: 2 
# peak 0; position,sigma,weight: -0.50000  0.01562  0.50000 
# peak 1; position,sigma,weight:  0.50000  0.01562  0.50000 
# target mean, variance:                0   0.250244140625 
# burn-in, mcmc steps: 0 1000000 
# n temperatures: 1 
#  T, rate, Proposal(shape,W1,W2,p1):   1.00000  1.00000      gaussian 5454.00000  0.06069  0.00000 
#  n_bins: 4 n_bins_1d: 360 
# seed: 387940  chain_type: mcmc neighbor_swap_only: 1 
    1000    1.50384  0.6806883 0.007793183   0.984375  0.9902733  0.9453505 
    2000    1.50549  0.6453144 0.01182911   0.984375  0.9827294  0.9081805 
    4000   1.503044  0.5959741  0.0137889   0.984375  0.9683425  0.8482405 
    8000   1.502112  0.5615675 0.01748916   0.984375   0.942147   0.762198 
   16000   1.500757  0.5308904 0.02049083   0.984375  0.8972185  0.6482967 
   32000   1.499998  0.5105317 0.02213758   0.984375  0.8274495  0.5215347 
   64000   1.499832  0.5038448 0.02501365   0.984375  0.7466478  0.4101883 
  128000    1.49975  0.5015163 0.02713371   0.984375  0.6628644  0.3202892 
  256000     1.4999  0.5004308 0.02875553   0.984375  0.5932714  0.2549674 
  512000    1.49994  0.5001464 0.03038948   0.984375  0.5441241  0.2081942 
 1000000   1.499969  0.5000619 0.03223414   0.984375  0.5157639  0.1789142 

# /home/tomfy/mcmc_toy/src/mcmc_toy; 6; 2; -0.5; 0.015625; 0.5; 0.5; 0.015625; 0.5; 1000000; 1; 1; 1; gaussian; 5454; 0.0858160271838183; 0; 4; 360; 115742; mcmc; 1; 
# n_dimensions: 6 
# n_peaks: 2 
# peak 0; position,sigma,weight: -0.50000  0.01562  0.50000 
# peak 1; position,sigma,weight:  0.50000  0.01562  0.50000 
# target mean, variance:                0   0.250244140625 
# burn-in, mcmc steps: 0 1000000 
# n temperatures: 1 
#  T, rate, Proposal(shape,W1,W2,p1):   1.00000  1.00000      gaussian 5454.00000  0.08582  0.00000 
#  n_bins: 4 n_bins_1d: 360 
# seed: 115742  chain_type: mcmc neighbor_swap_only: 1 
    1000   1.498414  0.7089076 0.002844061   0.984375  0.9955911  0.9742589 
    2000   1.498771  0.6847227 0.00500101   0.984375  0.9936544  0.9634414 
    4000   1.499066  0.6633124 0.007434693   0.984375  0.9905861  0.9472949 
    8000   1.498556  0.6282246 0.01069383   0.984375  0.9847822   0.919123 
   16000   1.499737  0.5849821 0.01362196   0.984375  0.9724501  0.8659641 
   32000   1.500643  0.5526122 0.01656783   0.984375  0.9519085  0.7914483 
   64000   1.500162  0.5302138 0.01937291   0.984375  0.9190461  0.7027564 
  128000   1.500692  0.5181289 0.02245472   0.984375  0.8675235   0.596812 
  256000   1.500362  0.5073574 0.02476788   0.984375  0.7962613  0.4923458 
  512000   1.500333  0.5023588 0.02693863   0.984375  0.7130211  0.3951147 
 1000000   1.499881  0.5007996 0.02877705   0.984375  0.6407771  0.3235952 

# /home/tomfy/mcmc_toy/src/mcmc_toy; 6; 2; -0.5; 0.015625; 0.5; 0.5; 0.015625; 0.5; 1000000; 1; 1; 1; gaussian; 5454; 0.121343862437919; 0; 4; 360; 604387; mcmc; 1; 
# n_dimensions: 6 
# n_peaks: 2 
# peak 0; position,sigma,weight: -0.50000  0.01562  0.50000 
# peak 1; position,sigma,weight:  0.50000  0.01562  0.50000 
# target mean, variance:                0   0.250244140625 
# burn-in, mcmc steps: 0 1000000 
# n temperatures: 1 
#  T, rate, Proposal(shape,W1,W2,p1):   1.00000  1.00000      gaussian 5454.00000  0.12134  0.00000 
#  n_bins: 4 n_bins_1d: 360 
# seed: 604387  chain_type: mcmc neighbor_swap_only: 1 
    1000   1.507536  0.7661765 0.0004103704   0.984375  0.9971111  0.9828978 
    2000   1.507249  0.7642673 0.0006489701   0.984375  0.9969444  0.9820183 
    4000   1.505892  0.7516573 0.002149689   0.984375  0.9964166  0.9791069 
    8000    1.50369  0.7343508 0.003377717   0.984375  0.9957465  0.9752612 
   16000   1.502554  0.7062588 0.004953588   0.984375  0.9943954  0.9682239 
   32000   1.503737   0.688854 0.007032923   0.984375  0.9911675  0.9514554 
   64000   1.504114  0.6388202 0.01215546   0.984375  0.9837094  0.9158212 
  128000    1.50129  0.5999432 0.01512745   0.984375  0.9707315  0.8621127 
  256000   1.500154  0.5628601 0.01738477   0.984375  0.9506544  0.7933042 
  512000   1.500176  0.5399367  0.0200808   0.984375  0.9176669  0.7074944 
 1000000   1.500319  0.5228982 0.02312819   0.984375   0.864706  0.5985247 

# /home/tomfy/mcmc_toy/src/mcmc_toy; 6; 2; -0.5; 0.015625; 0.5; 0.5; 0.015625; 0.5; 1000000; 1; 1; 1; gaussian; 5454; 0.171580221487218; 0; 4; 360; 806923; mcmc; 1; 
# n_dimensions: 6 
# n_peaks: 2 
# peak 0; position,sigma,weight: -0.50000  0.01562  0.50000 
# peak 1; position,sigma,weight:  0.50000  0.01562  0.50000 
# target mean, variance:                0   0.250244140625 
# burn-in, mcmc steps: 0 1000000 
# n temperatures: 1 
#  T, rate, Proposal(shape,W1,W2,p1):   1.00000  1.00000      gaussian 5454.00000  0.17158  0.00000 
#  n_bins: 4 n_bins_1d: 360 
# seed: 806923  chain_type: mcmc neighbor_swap_only: 1 
    1000   1.502669  0.7405936 0.0001665933   0.984375  0.9971944  0.9833055 
    2000   1.502713  0.7408236 0.0002181601   0.984375  0.9971666  0.9831389 
    4000   1.502837  0.7409386 0.0002105094   0.984375  0.9971666  0.9831905 
    8000   1.502905  0.7385048 0.0004963817   0.984375  0.9970833   0.982748 
   16000   1.502165  0.7300614 0.001147793   0.984375  0.9968333  0.9813323 
   32000   1.501518  0.7279873 0.001189986   0.984375  0.9965967  0.9799959 
   64000   1.501919  0.7213193 0.002330078   0.984375  0.9960484  0.9768596 
  128000   1.501622  0.6994508 0.00308472   0.984375  0.9946631  0.9692304 
  256000   1.499737  0.6677158 0.005829321   0.984375  0.9920083  0.9559391 
  512000    1.49955  0.6313496 0.009087525   0.984375  0.9857283  0.9260035 
 1000000   1.499057  0.5974548 0.01298428   0.984375  0.9736701   0.876507 

# /home/tomfy/mcmc_toy/src/mcmc_toy; 6; 2; -0.5; 0.015625; 0.5; 0.5; 0.015625; 0.5; 1000000; 1; 1; 1; gaussian; 5454; 0.242614433182926; 0; 4; 360; 109294; mcmc; 1; 
# n_dimensions: 6 
# n_peaks: 2 
# peak 0; position,sigma,weight: -0.50000  0.01562  0.50000 
# peak 1; position,sigma,weight:  0.50000  0.01562  0.50000 
# target mean, variance:                0   0.250244140625 
# burn-in, mcmc steps: 0 1000000 
# n temperatures: 1 
#  T, rate, Proposal(shape,W1,W2,p1):   1.00000  1.00000      gaussian 5454.00000  0.24261  0.00000 
#  n_bins: 4 n_bins_1d: 360 
# seed: 109294  chain_type: mcmc neighbor_swap_only: 1 
    1000   1.502247  0.7336959 1.793061e-05   0.984375  0.9971944  0.9832222 
    2000   1.502534  0.7305509 0.0001630921   0.984375  0.9971666  0.9830555 
    4000   1.502868  0.7302078 5.464004e-05   0.984375  0.9971666  0.9830555 
    8000    1.50304  0.7302078 4.994583e-05   0.984375  0.9971666  0.9831372 
   16000   1.503111  0.7279617 0.0001185671   0.984375  0.9971389   0.983013 
   32000   1.503147  0.7279617 0.0001208693   0.984375  0.9971176  0.9828676 
   64000   1.503308  0.7279617 0.0001536768   0.984375  0.9970727  0.9825449 
  128000    1.50334   0.727595 0.0002023002   0.984375  0.9969947  0.9821098 
  256000   1.502527  0.7235062 0.000786157   0.984375  0.9966918  0.9804438 
  512000     1.5018  0.7117919 0.00183982   0.984375  0.9961142  0.9772855 
 1000000   1.502955  0.6945535 0.003608228   0.984375  0.9948976  0.9703057 

# /home/tomfy/mcmc_toy/src/mcmc_toy; 6; 2; -0.5; 0.015625; 0.5; 0.5; 0.015625; 0.5; 1000000; 1; 1; 1; gaussian; 5454; 0.343056808520657; 0; 4; 360; 282056; mcmc; 1; 
# n_dimensions: 6 
# n_peaks: 2 
# peak 0; position,sigma,weight: -0.50000  0.01562  0.50000 
# peak 1; position,sigma,weight:  0.50000  0.01562  0.50000 
# target mean, variance:                0   0.250244140625 
# burn-in, mcmc steps: 0 1000000 
# n temperatures: 1 
#  T, rate, Proposal(shape,W1,W2,p1):   1.00000  1.00000      gaussian 5454.00000  0.34306  0.00000 
#  n_bins: 4 n_bins_1d: 360 
# seed: 282056  chain_type: mcmc neighbor_swap_only: 1 
    1000   1.498347  0.7528923          0   0.984375  0.9972222     0.9835 
    2000   1.498347  0.7528923          0   0.984375  0.9972222     0.9835 
    4000   1.498347  0.7528923          0   0.984375  0.9972222     0.9835 
    8000   1.498347  0.7528923          0   0.984375  0.9972222     0.9835 
   16000   1.498347  0.7528923          0   0.984375  0.9972222     0.9835 
   32000   1.498347  0.7528923          0   0.984375  0.9972222     0.9835 
   64000   1.498779  0.7528923 3.861114e-05   0.984375  0.9971944  0.9833333 
  128000   1.499566  0.7486133 0.0004731609   0.984375  0.9971111  0.9828333 
  256000   1.500669  0.7473931 0.000547131   0.984375  0.9970278  0.9823333 
  512000   1.501928  0.7498003 0.0006724538   0.984375  0.9969722      0.982 
 1000000   1.501595  0.7470846 0.001340421   0.984375  0.9966666  0.9802778 

# /home/tomfy/mcmc_toy/src/mcmc_toy; 6; 2; -0.5; 0.015625; 0.5; 0.5; 0.015625; 0.5; 1000000; 1; 1; 1; gaussian; 5454; 0.485082327248209; 0; 4; 360; 896760; mcmc; 1; 
# n_dimensions: 6 
# n_peaks: 2 
# peak 0; position,sigma,weight: -0.50000  0.01562  0.50000 
# peak 1; position,sigma,weight:  0.50000  0.01562  0.50000 
# target mean, variance:                0   0.250244140625 
# burn-in, mcmc steps: 0 1000000 
# n temperatures: 1 
#  T, rate, Proposal(shape,W1,W2,p1):   1.00000  1.00000      gaussian 5454.00000  0.48508  0.00000 
#  n_bins: 4 n_bins_1d: 360 
# seed: 896760  chain_type: mcmc neighbor_swap_only: 1 
    1000   1.497207   0.727816          0   0.984375  0.9972222  0.9834722 
    2000   1.497207   0.727816          0   0.984375  0.9972222  0.9834722 
    4000   1.497207   0.727816          0   0.984375  0.9972222  0.9834722 
    8000   1.497207   0.727816          0   0.984375  0.9972222  0.9834722 
   16000   1.497207   0.727816          0   0.984375  0.9972222  0.9834722 
   32000   1.497207   0.727816          0   0.984375  0.9972222  0.9834722 
   64000   1.497207   0.727816          0   0.984375  0.9972222  0.9834722 
  128000   1.497117   0.727213 3.033722e-05   0.984375  0.9971944  0.9833055 
  256000   1.496791   0.727213 4.042581e-05   0.984375  0.9971666  0.9831389 
  512000    1.49464  0.7267123 0.0001040258  0.9842188  0.9971389  0.9829722 
 1000000   1.494978  0.7275116 0.0001266435  0.9842188  0.9971389  0.9829722 

# /home/tomfy/mcmc_toy/src/mcmc_toy; 6; 2; -0.5; 0.015625; 0.5; 0.5; 0.015625; 0.5; 1000000; 1; 1; 1; gaussian; 5454; 0.685906410728967; 0; 4; 360; 488447; mcmc; 1; 
# n_dimensions: 6 
# n_peaks: 2 
# peak 0; position,sigma,weight: -0.50000  0.01562  0.50000 
# peak 1; position,sigma,weight:  0.50000  0.01562  0.50000 
# target mean, variance:                0   0.250244140625 
# burn-in, mcmc steps: 0 1000000 
# n temperatures: 1 
#  T, rate, Proposal(shape,W1,W2,p1):   1.00000  1.00000      gaussian 5454.00000  0.68591  0.00000 
#  n_bins: 4 n_bins_1d: 360 
# seed: 488447  chain_type: mcmc neighbor_swap_only: 1 
    1000   1.493461  0.7509245          0   0.984375  0.9972222     0.9835 
    2000   1.493461  0.7509245          0   0.984375  0.9972222     0.9835 
    4000   1.493461  0.7509245          0   0.984375  0.9972222     0.9835 
    8000   1.493461  0.7509245          0   0.984375  0.9972222     0.9835 
   16000   1.493461  0.7509245          0   0.984375  0.9972222     0.9835 
   32000   1.493461  0.7509245          0   0.984375  0.9972222     0.9835 
   64000   1.493461  0.7509245          0   0.984375  0.9972222     0.9835 
  128000   1.493461  0.7509245          0   0.984375  0.9972222     0.9835 
  256000   1.493461  0.7509245          0   0.984375  0.9972222     0.9835 
  512000   1.488459  0.7483969 7.083046e-05  0.9842188  0.9971944  0.9833333 
 1000000   1.488784  0.7483969 7.079137e-06  0.9842188  0.9971944  0.9833333 

# /home/tomfy/mcmc_toy/src/mcmc_toy; 6; 2; -0.5; 0.015625; 0.5; 0.5; 0.015625; 0.5; 1000000; 1; 1; 1; gaussian; 5454; 0.969871664770759; 0; 4; 360; 383494; mcmc; 1; 
# n_dimensions: 6 
# n_peaks: 2 
# peak 0; position,sigma,weight: -0.50000  0.01562  0.50000 
# peak 1; position,sigma,weight:  0.50000  0.01562  0.50000 
# target mean, variance:                0   0.250244140625 
# burn-in, mcmc steps: 0 1000000 
# n temperatures: 1 
#  T, rate, Proposal(shape,W1,W2,p1):   1.00000  1.00000      gaussian 5454.00000  0.96987  0.00000 
#  n_bins: 4 n_bins_1d: 360 
# seed: 383494  chain_type: mcmc neighbor_swap_only: 1 
    1000   1.505189  0.7514116          0   0.984375  0.9972222  0.9834167 
    2000   1.505189  0.7514116          0   0.984375  0.9972222  0.9834167 
    4000   1.505189  0.7514116          0   0.984375  0.9972222  0.9834167 
    8000   1.505189  0.7514116          0   0.984375  0.9972222  0.9834167 
   16000   1.505189  0.7514116          0   0.984375  0.9972222  0.9834167 
   32000   1.505189  0.7514116          0   0.984375  0.9972222  0.9834167 
   64000   1.505189  0.7514116          0   0.984375  0.9972222  0.9834167 
  128000   1.505189  0.7514116          0   0.984375  0.9972222  0.9834167 
  256000   1.505189  0.7514116          0   0.984375  0.9972222  0.9834167 
  512000   1.505189  0.7514116          0   0.984375  0.9972222  0.9834167 
 1000000   1.498274  0.7503937 0.0004843123  0.9842188  0.9971944    0.98325 

# /home/tomfy/mcmc_toy/src/mcmc_toy; 6; 2; -0.5; 0.015625; 0.5; 0.5; 0.015625; 0.5; 1000000; 1; 1; 1; gaussian; 5454; 1.37139853398585; 0; 4; 360; 486241; mcmc; 1; 
# n_dimensions: 6 
# n_peaks: 2 
# peak 0; position,sigma,weight: -0.50000  0.01562  0.50000 
# peak 1; position,sigma,weight:  0.50000  0.01562  0.50000 
# target mean, variance:                0   0.250244140625 
# burn-in, mcmc steps: 0 1000000 
# n temperatures: 1 
#  T, rate, Proposal(shape,W1,W2,p1):   1.00000  1.00000      gaussian 5454.00000  1.37140  0.00000 
#  n_bins: 4 n_bins_1d: 360 
# seed: 486241  chain_type: mcmc neighbor_swap_only: 1 
    1000   1.500747  0.7538343          0   0.984375  0.9972222  0.9833611 
    2000   1.500747  0.7538343          0   0.984375  0.9972222  0.9833611 
    4000   1.500747  0.7538343          0   0.984375  0.9972222  0.9833611 
    8000   1.500747  0.7538343          0   0.984375  0.9972222  0.9833611 
   16000   1.500747  0.7538343          0   0.984375  0.9972222  0.9833611 
   32000   1.500747  0.7538343          0   0.984375  0.9972222  0.9833611 
   64000   1.500747  0.7538343          0   0.984375  0.9972222  0.9833611 
  128000   1.500747  0.7538343          0   0.984375  0.9972222  0.9833611 
  256000   1.500747  0.7538343          0   0.984375  0.9972222  0.9833611 
  512000   1.500747  0.7538343          0   0.984375  0.9972222  0.9833611 
 1000000   1.500747  0.7538343          0   0.984375  0.9972222  0.9833611 

# /home/tomfy/mcmc_toy/src/mcmc_toy; 6; 2; -0.5; 0.015625; 0.5; 0.5; 0.015625; 0.5; 1000000; 1; 1; 1; gaussian; 5454; 1.939157527056; 0; 4; 360; 280931; mcmc; 1; 
# n_dimensions: 6 
# n_peaks: 2 
# peak 0; position,sigma,weight: -0.50000  0.01562  0.50000 
# peak 1; position,sigma,weight:  0.50000  0.01562  0.50000 
# target mean, variance:                0   0.250244140625 
# burn-in, mcmc steps: 0 1000000 
# n temperatures: 1 
#  T, rate, Proposal(shape,W1,W2,p1):   1.00000  1.00000      gaussian 5454.00000  1.93916  0.00000 
#  n_bins: 4 n_bins_1d: 360 
# seed: 280931  chain_type: mcmc neighbor_swap_only: 1 
    1000   1.496022  0.7544603          0   0.984375  0.9972222  0.9833611 
    2000   1.496022  0.7544603          0   0.984375  0.9972222  0.9833611 
    4000   1.496022  0.7544603          0   0.984375  0.9972222  0.9833611 
    8000   1.496022  0.7544603          0   0.984375  0.9972222  0.9833611 
   16000   1.496022  0.7544603          0   0.984375  0.9972222  0.9833611 
   32000   1.496022  0.7544603          0   0.984375  0.9972222  0.9833611 
   64000   1.496022  0.7544603          0   0.984375  0.9972222  0.9833611 
  128000   1.496022  0.7544603          0   0.984375  0.9972222  0.9833611 
  256000   1.496022  0.7544603          0   0.984375  0.9972222  0.9833611 
  512000   1.496022  0.7544603          0   0.984375  0.9972222  0.9833611 
 1000000   1.496022  0.7544603          0   0.984375  0.9972222  0.9833611 

# /home/tomfy/mcmc_toy/src/mcmc_toy; 6; 2; -0.5; 0.015625; 0.5; 0.5; 0.015625; 0.5; 1000000; 1; 1; 1; gaussian; 5454; 2.74196874325718; 0; 4; 360; 475682; mcmc; 1; 
# n_dimensions: 6 
# n_peaks: 2 
# peak 0; position,sigma,weight: -0.50000  0.01562  0.50000 
# peak 1; position,sigma,weight:  0.50000  0.01562  0.50000 
# target mean, variance:                0   0.250244140625 
# burn-in, mcmc steps: 0 1000000 
# n temperatures: 1 
#  T, rate, Proposal(shape,W1,W2,p1):   1.00000  1.00000      gaussian 5454.00000  2.74197  0.00000 
#  n_bins: 4 n_bins_1d: 360 
# seed: 475682  chain_type: mcmc neighbor_swap_only: 1 
    1000   1.505024  0.7401933          0   0.984375  0.9972222  0.9834166 
    2000   1.505024  0.7401933          0   0.984375  0.9972222  0.9834166 
    4000   1.505024  0.7401933          0   0.984375  0.9972222  0.9834166 
    8000   1.505024  0.7401933          0   0.984375  0.9972222  0.9834166 
   16000   1.505024  0.7401933          0   0.984375  0.9972222  0.9834166 
   32000   1.505024  0.7401933          0   0.984375  0.9972222  0.9834166 
   64000   1.505024  0.7401933          0   0.984375  0.9972222  0.9834166 
  128000   1.505024  0.7401933          0   0.984375  0.9972222  0.9834166 
  256000   1.505024  0.7401933          0   0.984375  0.9972222  0.9834166 
  512000   1.505024  0.7401933          0   0.984375  0.9972222  0.9834166 
 1000000   1.505024  0.7401933          0   0.984375  0.9972222  0.9834166 

# /home/tomfy/mcmc_toy/src/mcmc_toy; 6; 2; -0.5; 0.015625; 0.5; 0.5; 0.015625; 0.5; 1000000; 1; 1; 1; gaussian; 5454; 3.87714380296565; 0; 4; 360; 726322; mcmc; 1; 
# n_dimensions: 6 
# n_peaks: 2 
# peak 0; position,sigma,weight: -0.50000  0.01562  0.50000 
# peak 1; position,sigma,weight:  0.50000  0.01562  0.50000 
# target mean, variance:                0   0.250244140625 
# burn-in, mcmc steps: 0 1000000 
# n temperatures: 1 
#  T, rate, Proposal(shape,W1,W2,p1):   1.00000  1.00000      gaussian 5454.00000  3.87714  0.00000 
#  n_bins: 4 n_bins_1d: 360 
# seed: 726322  chain_type: mcmc neighbor_swap_only: 1 
    1000   1.505617   0.758531          0   0.984375  0.9972222  0.9834444 
    2000   1.505617   0.758531          0   0.984375  0.9972222  0.9834444 
    4000   1.505617   0.758531          0   0.984375  0.9972222  0.9834444 
    8000   1.505617   0.758531          0   0.984375  0.9972222  0.9834444 
   16000   1.505617   0.758531          0   0.984375  0.9972222  0.9834444 
   32000   1.505617   0.758531          0   0.984375  0.9972222  0.9834444 
   64000   1.505617   0.758531          0   0.984375  0.9972222  0.9834444 
  128000   1.505617   0.758531          0   0.984375  0.9972222  0.9834444 
  256000   1.505617   0.758531          0   0.984375  0.9972222  0.9834444 
  512000   1.505617   0.758531          0   0.984375  0.9972222  0.9834444 
 1000000   1.505617   0.758531          0   0.984375  0.9972222  0.9834444 

# /home/tomfy/mcmc_toy/src/mcmc_toy; 6; 2; -0.5; 0.015625; 0.5; 0.5; 0.015625; 0.5; 1000000; 1; 1; 1; gaussian; 5454; 5.48228133739343; 0; 4; 360; 629260; mcmc; 1; 
# n_dimensions: 6 
# n_peaks: 2 
# peak 0; position,sigma,weight: -0.50000  0.01562  0.50000 
# peak 1; position,sigma,weight:  0.50000  0.01562  0.50000 
# target mean, variance:                0   0.250244140625 
# burn-in, mcmc steps: 0 1000000 
# n temperatures: 1 
#  T, rate, Proposal(shape,W1,W2,p1):   1.00000  1.00000      gaussian 5454.00000  5.48228  0.00000 
#  n_bins: 4 n_bins_1d: 360 
# seed: 629260  chain_type: mcmc neighbor_swap_only: 1 
    1000   1.495888  0.7393932          0   0.984375  0.9972222  0.9834166 
    2000   1.495888  0.7393932          0   0.984375  0.9972222  0.9834166 
    4000   1.495888  0.7393932          0   0.984375  0.9972222  0.9834166 
    8000   1.495888  0.7393932          0   0.984375  0.9972222  0.9834166 
   16000   1.495888  0.7393932          0   0.984375  0.9972222  0.9834166 
   32000   1.495888  0.7393932          0   0.984375  0.9972222  0.9834166 
   64000   1.495888  0.7393932          0   0.984375  0.9972222  0.9834166 
  128000   1.495888  0.7393932          0   0.984375  0.9972222  0.9834166 
  256000   1.495888  0.7393932          0   0.984375  0.9972222  0.9834166 
  512000   1.495888  0.7393932          0   0.984375  0.9972222  0.9834166 
 1000000   1.495888  0.7393932          0   0.984375  0.9972222  0.9834166 

# /home/tomfy/mcmc_toy/src/mcmc_toy; 6; 2; -0.5; 0.015625; 0.5; 0.5; 0.015625; 0.5; 1000000; 1; 1; 1; gaussian; 5454; 7.75194581107431; 0; 4; 360; 79307; mcmc; 1; 
# n_dimensions: 6 
# n_peaks: 2 
# peak 0; position,sigma,weight: -0.50000  0.01562  0.50000 
# peak 1; position,sigma,weight:  0.50000  0.01562  0.50000 
# target mean, variance:                0   0.250244140625 
# burn-in, mcmc steps: 0 1000000 
# n temperatures: 1 
#  T, rate, Proposal(shape,W1,W2,p1):   1.00000  1.00000      gaussian 5454.00000  7.75195  0.00000 
#  n_bins: 4 n_bins_1d: 360 
# seed: 79307  chain_type: mcmc neighbor_swap_only: 1 
    1000   1.503827  0.7559278          0   0.984375  0.9972222     0.9835 
    2000   1.503827  0.7559278          0   0.984375  0.9972222     0.9835 
    4000   1.503827  0.7559278          0   0.984375  0.9972222     0.9835 
    8000   1.503827  0.7559278          0   0.984375  0.9972222     0.9835 
   16000   1.503827  0.7559278          0   0.984375  0.9972222     0.9835 
   32000   1.503827  0.7559278          0   0.984375  0.9972222     0.9835 
   64000   1.503827  0.7559278          0   0.984375  0.9972222     0.9835 
  128000   1.503827  0.7559278          0   0.984375  0.9972222     0.9835 
  256000   1.503827  0.7559278          0   0.984375  0.9972222     0.9835 
  512000   1.503827  0.7559278          0   0.984375  0.9972222     0.9835 
 1000000   1.503827  0.7559278          0   0.984375  0.9972222     0.9835 

# /home/tomfy/mcmc_toy/src/mcmc_toy; 6; 2; -0.5; 0.015625; 0.5; 0.5; 0.015625; 0.5; 1000000; 1; 1; 1; gaussian; 5454; 10.9612513768591; 0; 4; 360; 331053; mcmc; 1; 
# n_dimensions: 6 
# n_peaks: 2 
# peak 0; position,sigma,weight: -0.50000  0.01562  0.50000 
# peak 1; position,sigma,weight:  0.50000  0.01562  0.50000 
# target mean, variance:                0   0.250244140625 
# burn-in, mcmc steps: 0 1000000 
# n temperatures: 1 
#  T, rate, Proposal(shape,W1,W2,p1):   1.00000  1.00000      gaussian 5454.00000 10.96125  0.00000 
#  n_bins: 4 n_bins_1d: 360 
# seed: 331053  chain_type: mcmc neighbor_swap_only: 1 
    1000   1.504395  0.7397363          0   0.984375  0.9972222  0.9833889 
    2000   1.504395  0.7397363          0   0.984375  0.9972222  0.9833889 
    4000   1.504395  0.7397363          0   0.984375  0.9972222  0.9833889 
    8000   1.504395  0.7397363          0   0.984375  0.9972222  0.9833889 
   16000   1.504395  0.7397363          0   0.984375  0.9972222  0.9833889 
   32000   1.504395  0.7397363          0   0.984375  0.9972222  0.9833889 
   64000   1.504395  0.7397363          0   0.984375  0.9972222  0.9833889 
  128000   1.504395  0.7397363          0   0.984375  0.9972222  0.9833889 
  256000   1.504395  0.7397363          0   0.984375  0.9972222  0.9833889 
  512000   1.504395  0.7397363          0   0.984375  0.9972222  0.9833889 
 1000000   1.504395  0.7397363          0   0.984375  0.9972222  0.9833889 

# /home/tomfy/mcmc_toy/src/mcmc_toy; 6; 2; -0.5; 0.015625; 0.5; 0.5; 0.015625; 0.5; 1000000; 1; 1; 1; gaussian; 5454; 15.4992094468787; 0; 4; 360; 877414; mcmc; 1; 
# n_dimensions: 6 
# n_peaks: 2 
# peak 0; position,sigma,weight: -0.50000  0.01562  0.50000 
# peak 1; position,sigma,weight:  0.50000  0.01562  0.50000 
# target mean, variance:                0   0.250244140625 
# burn-in, mcmc steps: 0 1000000 
# n temperatures: 1 
#  T, rate, Proposal(shape,W1,W2,p1):   1.00000  1.00000      gaussian 5454.00000 15.49921  0.00000 
#  n_bins: 4 n_bins_1d: 360 
# seed: 877414  chain_type: mcmc neighbor_swap_only: 1 
    1000   1.499462  0.7545153          0   0.984375  0.9972222  0.9834444 
    2000   1.499462  0.7545153          0   0.984375  0.9972222  0.9834444 
    4000   1.499462  0.7545153          0   0.984375  0.9972222  0.9834444 
    8000   1.499462  0.7545153          0   0.984375  0.9972222  0.9834444 
   16000   1.499462  0.7545153          0   0.984375  0.9972222  0.9834444 
   32000   1.499462  0.7545153          0   0.984375  0.9972222  0.9834444 
   64000   1.499462  0.7545153          0   0.984375  0.9972222  0.9834444 
  128000   1.499462  0.7545153          0   0.984375  0.9972222  0.9834444 
  256000   1.499462  0.7545153          0   0.984375  0.9972222  0.9834444 
  512000   1.499462  0.7545153          0   0.984375  0.9972222  0.9834444 
 1000000   1.499462  0.7545153          0   0.984375  0.9972222  0.9834444 

