#  nT     T_hot    cold_rate  n_pi_eval  gen    n_try    n_acc    tvd_ndim   tvd_orth   tvd_refl   tvd_1d1   tvd_1dall     dmusq      ksd       edfs       sq_avg_q    sq_avg_p      T 
    1    1.0000          1     1000     1000     1000      140   0.9960937    0.96575    0.96575  0.9666667  0.4329445       12.42  0.9533212 0.03547893   0.053824         -1        1  
    1    1.0000          1     2000     2000     2000      281   0.9951172    0.96025    0.96025  0.9638889  0.3527223    12.42483  0.9525775 0.04697644     0.0361         -1        1  
    1    1.0000          1     4000     4000     4000      589   0.9936523   0.948125   0.948125  0.9638889  0.3029444    12.41429  0.9524606 0.05280565   0.017689         -1        1  
    1    1.0000          1     8000     8000     8000     1139   0.9936523   0.950625   0.950625  0.9638889  0.2684028    12.41694  0.9523942 0.06204967   0.004624         -1        1  
    1    1.0000          1    16000    16000    16000     2226   0.9934082   0.951875   0.951875  0.9638889  0.2559271    12.42766  0.9523942 0.06313747          0         -1        1  
    1    1.0000          1    32000    32000    32000     4537   0.9929766     0.9525     0.9525  0.9638889  0.2508073    12.43197  0.9523942 0.06299883 0.0002066406         -1        1  
    1    1.0000          1    64000    64000    64000     9030   0.9929199  0.9528125  0.9528125  0.9638889  0.2497708    12.43239  0.9523828 0.07261761 0.0001814072         -1        1  
    1    1.0000          1   128000   128000   128000    17925   0.9927871  0.9526719  0.9526719  0.9638889  0.2496723     12.4356  0.9523828 0.07304456 1.063477e-06         -1        1  
    1    1.0000          1   256000   256000   256000    35581   0.9928223  0.9527305  0.9527305  0.9638889    0.24988    12.43641  0.9523828  0.0732737 8.085944e-05         -1        1  
    1    1.0000          1   512000   512000   512000    71114   0.9927891  0.9528398  0.9528398  0.9638889  0.2501616    12.43458  0.9523828 0.07321381 1.468446e-05         -1        1  
    1    1.0000          1  1000000  1000000  1000000   139750   0.9928241   0.952894   0.952894  0.9638889  0.2501263     12.4348  0.9523813 0.08074167 7.3984e-06         -1        1  
