# T:          1         0        0      31250     8413     31250    20527 
# T:    1.38294         0        0      31250     8365     31250    20559 
# T:    1.91253         0        0      31250     8343     31250    20598 
# T:    2.64492         0        0      31250     8405     31250    20608 
# T:    3.65778         0        0      31250     8272     31250    20174 
# T:     5.0585         0        0      31250     8561     31250    20579 
# T:    6.99562         0        0      31250     8375     31250    20481 
# T:    9.67454         0        0      31250     8537     31250    20504 
# T:    13.3793         0        0      31250     8367     31250    20524 
# T:    18.5029         0        0      31250     8423     31250    20491 
# T:    25.5884         0        0      31250     8327     31250    20581 
# T:    35.3873         0        0      31250     8455     31250    20605 
# T:    48.9387         0        0      31250     8297     31250    20441 
# T:    67.6794         0        0      31250     8297     31250    20706 
# T:    93.5968         0        0      31250     8629     31250    20812 
# T:    129.439         0        0      31250     8922     31250    21176 
# T:    179.007         0        0      31250     9585     31250    21700 
# T:    247.556         0        0      31250    10425     31250    22093 
# T:    342.356         0        0      31250    11220     31250    22712 
# T:    473.459         0        0      31250    11823     31250    22758 
# T:    654.767         0        0      31250    12189     31250    22705 
# T:    905.506         0        0      31250    12295     31250    22440 
# T:    1252.26         0        0      31250    12280     31250    22326 
# T:    1731.81         0        0      31250    12109     31250    22073 
# T:    2394.99         0        0      31250    11691     31250    21841 
# T:    3312.14         0        0      31250    11255     31250    21703 
# T:     4580.5         0        0      31250    11013     31250    21341 
# T:    6334.58         0        0      31250    10661     31250    21552 
# T:    8760.36         0        0      31250    10357     31250    21042 
# T:    12115.1         0        0      31250     9986     31250    21081 
# T:    16754.5         0        0      31250     9836     31250    20862 
# T:    23170.5         0        0      31250     9726 
