# T:          1         0        0      31250     8262     31250    16936 
# T:    1.33733         0        0      31250     8343     31250    17396 
# T:    1.78845         0        0      31250     8383     31250    18853 
# T:    2.39175         0        0      31250     8390     31250    20076 
# T:    3.19855         0        0      31250     8355     31250    20397 
# T:    4.27752         0        0      31250     8406     31250    20976 
# T:    5.72045         0        0      31250     8443     31250    21024 
# T:    7.65013         0        0      31250     8370     31250    21232 
# T:    10.2307         0        0      31250     8425     31250    21457 
# T:    13.6819         0        0      31250     8674     31250    21771 
# T:    18.2972         0        0      31250     9099     31250    22339 
# T:    24.4693         0        0      31250    10115     31250    23311 
# T:    32.7236         0        0      31250    11393     31250    24071 
# T:    43.7622         0        0      31250    12877     31250    25001 
# T:    58.5245         0        0      31250    14554     31250    25617 
# T:    78.2665         0        0      31250    16083     31250    25976 
# T:    104.668         0        0      31250    17461     31250    26146 
# T:    139.976         0        0      31250    18368     31250    26308 
# T:    187.194         0        0      31250    18782     31250    25954 
# T:    250.339         0        0      31250    18783     31250    26007 
# T:    334.786         0        0      31250    18624     31250    25466 
# T:     447.72         0        0      31250    18168     31250    25281 
# T:    598.749         0        0      31250    17424     31250    25024 
# T:    800.724         0        0      31250    16855     31250    24665 
# T:    1070.83         0        0      31250    16133     31250    24368 
# T:    1432.05         0        0      31250    15498     31250    24210 
# T:    1915.13         0        0      31250    14745     31250    23829 
# T:    2561.16         0        0      31250    14137     31250    23931 
# T:    3425.11         0        0      31250    13549     31250    23226 
# T:     4580.5         0        0      31250    12943     31250    23192 
# T:    6125.64         0        0      31250    12573     31250    22998 
# T:       8192         0        0      31250    11944 
