# T:          1         0        0      62500    22336     62500    42272 
# T:    1.95432         0        0      62500    22351     62500    42291 
# T:    3.81937         0        0      62500    22102     62500    42638 
# T:    7.46426         0        0      62500    22318     62500    42214 
# T:    14.5876         0        0      62500    22270     62500    42519 
# T:    28.5088         0        0      62500    22374     62500    42228 
# T:    55.7152         0        0      62500    23627     62500    43541 
# T:    108.885         0        0      62500    29846     62500    46868 
# T:    212.797         0        0      62500    38949     62500    50834 
# T:    415.873         0        0      62500    44021     62500    52800 
# T:    812.749         0        0      62500    45327     62500    52818 
# T:    1588.37         0        0      62500    44120     62500    51662 
# T:    3104.19         0        0      62500    41094     62500    50545 
# T:    6066.58         0        0      62500    37548     62500    48608 
# T:      11856         0        0      62500    34154     62500    46919 
# T:    23170.5         0        0      62500    31190 
