# T:          1         0        0     312500    89793    312500   181642 
# T:    1.31197         0        0     312500    90239    312500   195645 
# T:    1.72127         0        0     312500    89751    312500   206387 
# T:    2.25826         0        0     312500    89726    312500   214144 
# T:    2.96278         0        0     312500    89590    312500   220711 
# T:    3.88708         0        0     312500    89661    312500   227469 
# T:    5.09974         0        0     312500    89727    312500   232083 
# T:    6.69072         0        0     312500    89812    312500   236267 
# T:    8.77804         0        0     312500    89789    312500   237748 
# T:    11.5165         0        0     312500    89994    312500   239393 
# T:    15.1094         0        0     312500    90242    312500   240304 
# T:    19.8231         0        0     312500    90080    312500   240549 
# T:    26.0074         0        0     312500    89797    312500   241539 
# T:    34.1209         0        0     312500    90230    312500   241523 
# T:    44.7657         0        0     312500    90816    312500   242577 
# T:    58.7314         0        0     312500    93735    312500   244197 
# T:    77.0539         0        0     312500    99993    312500   247850 
# T:    101.093         0        0     312500   111116    312500   253854 
# T:    132.631         0        0     312500   125646    312500   259561 
# T:    174.008         0        0     312500   142057    312500   265484 
# T:    228.293         0        0     312500   159497    312500   270724 
# T:    299.515         0        0     312500   175158    312500   274186 
# T:    392.955         0        0     312500   186919    312500   276184 
# T:    515.546         0        0     312500   195455    312500   277308 
# T:    676.382         0        0     312500   199739    312500   277028 
# T:    887.395         0        0     312500   200792    312500   276354 
# T:    1164.24         0        0     312500   198572    312500   274324 
# T:    1527.45         0        0     312500   195340    312500   272709 
# T:    2003.97         0        0     312500   189669    312500   270240 
# T:    2629.15         0        0     312500   184128    312500   268419 
# T:    3449.37         0        0     312500   177646    312500   265680 
# T:    4525.48         0        0     312500   170609 
