#  nT     T_hot    cold_rate  n_pi_eval  gen    n_try    n_acc    tvd_ndim   tvd_orth   tvd_refl   tvd_1d1   tvd_1dall     dmusq      ksd       edfs       sq_avg_q    sq_avg_p      T 
   32 4525.4834          1    32000     1000     1000      271   0.8447266      0.675      0.675  0.7447778  0.2605999     1.28139  0.6785178   0.835006     0.0001         -1        1  
   32 4525.4834          1    64000     2000     2000      557   0.7974766     0.6525     0.6525  0.6711111  0.2439333    1.038876  0.6100178  0.6590889   0.000529         -1        1  
   32 4525.4834          1   128000     4000     4000     1150   0.7794766     0.6425     0.6425  0.5625278  0.2207222   0.8887653  0.5082052  0.5753874   0.001225         -1        1  
   32 4525.4834          1   256000     8000     8000     2311   0.6752812   0.537125   0.537125  0.4523055  0.1948555   0.4689695  0.3933302  0.4503154 0.0001380625         -1        1  
   32 4525.4834          1   512000    16000    16000     4575   0.5503594     0.3975     0.3975  0.4827847  0.1533763   0.2420845  0.4637677  0.4872708    3.6e-05         -1        1  
   32 4525.4834          1  1024000    32000    32000     9172   0.4069297  0.2611562  0.2611562  0.2778958  0.0873014  0.08370458  0.2417364  0.2867528 7.987891e-05         -1        1  
   32 4525.4834          1  2048000    64000    64000    18339   0.3348437  0.2245469  0.2245469  0.1462847 0.09428749   0.1182057  0.1274708  0.1441743 1.914063e-07         -1        1  
   32 4525.4834          1  4096000   128000   128000    36593   0.1930781  0.0873125  0.0873125 0.06077871 0.02378397  0.02202657 0.04682334 0.07688618 8.446289e-06         -1        1  
   32 4525.4834          1  8192000   256000   256000    73470   0.2205078  0.0961875  0.0961875 0.09845609 0.05386817  0.03719938 0.09550428  0.1236611 5.204102e-06         -1        1  
   32 4525.4834          1 10000000   312500   312500    89793   0.2274564  0.0998072  0.0998072  0.1009255 0.04943763  0.03810137 0.09976898  0.1309926 6.5536e-08         -1        1  
