# /home/tomfy/mcmc_toy/src/mcmc_toy; 3; 2; -0.5; 0.015625; 0.5; 0.5; 0.015625; 0.5; 1000000; 1; 1; 1; gaussian; 0.719; 0.0214702131354892; 0; 4; 360; 68327; mcmc; 1; 
# n_dimensions: 3 
# n_peaks: 2 
# peak 0; position,sigma,weight: -0.50000  0.01562  0.50000 
# peak 1; position,sigma,weight:  0.50000  0.01562  0.50000 
# target mean, variance:                0   0.250244140625 
# burn-in, mcmc steps: 0 1000000 
# n temperatures: 1 
#  T, rate, Proposal(shape,W1,W2,p1):   1.00000  1.00000      gaussian  0.71900  0.02147  0.00000 
#  n_bins: 4 n_bins_1d: 360 
# seed: 68327  chain_type: mcmc neighbor_swap_only: 1 
    1000  0.7503505  0.5028522 0.02281761      0.875  0.6316378  0.4029522 
    2000  0.7504669  0.5014097 0.02467833      0.875  0.5638322  0.3422561 
    4000  0.7503685  0.5007859 0.02595964      0.875  0.5245381  0.3045947 
    8000  0.7502444  0.5002594 0.02781523      0.875  0.5056175  0.2849285 
   16000  0.7501144  0.5001186 0.02934649      0.875  0.5007117  0.2762738 
   32000  0.7500811  0.5000621 0.03070483      0.875  0.5000279    0.27372 
   64000  0.7500325  0.5000322 0.03171222      0.875        0.5  0.2733477 
  128000  0.7500273  0.5000173  0.0329007      0.875        0.5  0.2733334 
  256000  0.7500186  0.5000092 0.03398846      0.875        0.5  0.2733334 
  512000   0.750022  0.5000048 0.03502038      0.875        0.5  0.2733334 
 1000000  0.7500128  0.5000027  0.0361306      0.875        0.5  0.2733334 

# /home/tomfy/mcmc_toy/src/mcmc_toy; 3; 2; -0.5; 0.015625; 0.5; 0.5; 0.015625; 0.5; 1000000; 1; 1; 1; gaussian; 0.719; 0.0303588813735817; 0; 4; 360; 395222; mcmc; 1; 
# n_dimensions: 3 
# n_peaks: 2 
# peak 0; position,sigma,weight: -0.50000  0.01562  0.50000 
# peak 1; position,sigma,weight:  0.50000  0.01562  0.50000 
# target mean, variance:                0   0.250244140625 
# burn-in, mcmc steps: 0 1000000 
# n temperatures: 1 
#  T, rate, Proposal(shape,W1,W2,p1):   1.00000  1.00000      gaussian  0.71900  0.03036  0.00000 
#  n_bins: 4 n_bins_1d: 360 
# seed: 395222  chain_type: mcmc neighbor_swap_only: 1 
    1000  0.7503448  0.5036466 0.02270967      0.875  0.7071344  0.4653856 
    2000  0.7500314  0.5019823 0.02414128      0.875  0.6211639  0.3688728 
    4000  0.7500284  0.5008932 0.02516871      0.875  0.5573317  0.3031031 
    8000  0.7498857  0.5004046 0.02679597      0.875  0.5215757  0.2620942 
   16000  0.7499555  0.5002067 0.02850624      0.875  0.5046706  0.2395892 
   32000  0.7499407  0.5000785 0.02997878      0.875  0.5004661  0.2299022 
   64000  0.7499496  0.5000398 0.03150223      0.875  0.5000155  0.2270108 
  128000    0.74999  0.5000205 0.03262592      0.875        0.5  0.2266814 
  256000  0.7499807  0.5000086 0.03398582      0.875        0.5  0.2266667 
  512000  0.7499856  0.5000047  0.0352647      0.875        0.5  0.2266667 
 1000000  0.7499871  0.5000026 0.03640051      0.875        0.5  0.2266667 

# /home/tomfy/mcmc_toy/src/mcmc_toy; 3; 2; -0.5; 0.015625; 0.5; 0.5; 0.015625; 0.5; 1000000; 1; 1; 1; gaussian; 0.719; 0.0429274582622446; 0; 4; 360; 827627; mcmc; 1; 
# n_dimensions: 3 
# n_peaks: 2 
# peak 0; position,sigma,weight: -0.50000  0.01562  0.50000 
# peak 1; position,sigma,weight:  0.50000  0.01562  0.50000 
# target mean, variance:                0   0.250244140625 
# burn-in, mcmc steps: 0 1000000 
# n temperatures: 1 
#  T, rate, Proposal(shape,W1,W2,p1):   1.00000  1.00000      gaussian  0.71900  0.04293  0.00000 
#  n_bins: 4 n_bins_1d: 360 
# seed: 827627  chain_type: mcmc neighbor_swap_only: 1 
    1000  0.7502068  0.5066062 0.02174288      0.875    0.80613  0.6053867 
    2000  0.7502822  0.5036403 0.02356634      0.875  0.7161822  0.4964533 
    4000   0.750042  0.5013923 0.02523937      0.875  0.6276408   0.405212 
    8000  0.7500647   0.500598 0.02660995      0.875  0.5631531  0.3435374 
   16000  0.7501715  0.5002917 0.02816825      0.875  0.5250322  0.3068294 
   32000  0.7501445  0.5001235 0.02962406      0.875   0.506507  0.2859784 
   64000  0.7500607  0.5000629 0.03065327      0.875  0.5008062  0.2768374 
  128000  0.7500238  0.5000306 0.03192692      0.875  0.5000227  0.2738125 
  256000   0.750005  0.5000148 0.03318862      0.875        0.5  0.2733587 
  512000  0.7500259  0.5000075 0.03445874      0.875        0.5  0.2733334 
 1000000  0.7500201  0.5000035 0.03560262      0.875        0.5  0.2733334 

# /home/tomfy/mcmc_toy/src/mcmc_toy; 3; 2; -0.5; 0.015625; 0.5; 0.5; 0.015625; 0.5; 1000000; 1; 1; 1; gaussian; 0.719; 0.0606994259828138; 0; 4; 360; 426939; mcmc; 1; 
# n_dimensions: 3 
# n_peaks: 2 
# peak 0; position,sigma,weight: -0.50000  0.01562  0.50000 
# peak 1; position,sigma,weight:  0.50000  0.01562  0.50000 
# target mean, variance:                0   0.250244140625 
# burn-in, mcmc steps: 0 1000000 
# n temperatures: 1 
#  T, rate, Proposal(shape,W1,W2,p1):   1.00000  1.00000      gaussian  0.71900  0.06070  0.00000 
#  n_bins: 4 n_bins_1d: 360 
# seed: 426939  chain_type: mcmc neighbor_swap_only: 1 
    1000  0.7502256  0.5179066  0.0198971      0.875    0.89557  0.7517178 
    2000  0.7499398  0.5082104 0.02159806      0.875  0.8270389  0.6357444 
    4000  0.7501504  0.5035536 0.02357695      0.875  0.7379075  0.5202572 
    8000  0.7499454  0.5012992 0.02509317      0.875  0.6504928  0.4273786 
   16000  0.7501674  0.5005391 0.02687541      0.875  0.5789651  0.3580451 
   32000  0.7500857  0.5002726 0.02865702      0.875  0.5332333  0.3136788 
   64000  0.7500018  0.5001172 0.03014842      0.875  0.5100649  0.2881589 
  128000  0.7499576  0.5000523 0.03140524      0.875  0.5018264  0.2755859 
  256000  0.7499772  0.5000249 0.03286659      0.875  0.5001516  0.2710066 
  512000  0.7499805  0.5000103 0.03401959      0.875  0.5000005  0.2700748 
 1000000  0.7499967  0.5000055 0.03524673      0.875        0.5  0.2700009 

# /home/tomfy/mcmc_toy/src/mcmc_toy; 3; 2; -0.5; 0.015625; 0.5; 0.5; 0.015625; 0.5; 1000000; 1; 1; 1; gaussian; 0.719; 0.0858289883396988; 0; 4; 360; 388358; mcmc; 1; 
# n_dimensions: 3 
# n_peaks: 2 
# peak 0; position,sigma,weight: -0.50000  0.01562  0.50000 
# peak 1; position,sigma,weight:  0.50000  0.01562  0.50000 
# target mean, variance:                0   0.250244140625 
# burn-in, mcmc steps: 0 1000000 
# n temperatures: 1 
#  T, rate, Proposal(shape,W1,W2,p1):   1.00000  1.00000      gaussian  0.71900  0.08583  0.00000 
#  n_bins: 4 n_bins_1d: 360 
# seed: 388358  chain_type: mcmc neighbor_swap_only: 1 
    1000  0.7509151  0.5399065 0.01641189      0.875  0.9500778  0.8667556 
    2000  0.7501758  0.5198763 0.01881008      0.875  0.9117822  0.7828044 
    4000  0.7496403  0.5089146 0.02140817      0.875  0.8485714  0.6671619 
    8000  0.7498401  0.5038928 0.02338133      0.875   0.768071  0.5482117 
   16000   0.749939  0.5017441 0.02605181      0.875  0.6791431  0.4413145 
   32000  0.7500086  0.5006274 0.02810041      0.875  0.6012669  0.3582338 
   64000  0.7499529  0.5002434 0.02930789      0.875  0.5467595  0.3014762 
  128000  0.7499487  0.5001171 0.03057339      0.875  0.5175685  0.2664289 
  256000    0.75003  0.5000554  0.0318345      0.875  0.5039649  0.2474658 
  512000  0.7500504   0.500023  0.0333531      0.875  0.5003776  0.2392328 
 1000000  0.7500242  0.5000108 0.03443004      0.875  0.5000142  0.2370312 

# /home/tomfy/mcmc_toy/src/mcmc_toy; 3; 2; -0.5; 0.015625; 0.5; 0.5; 0.015625; 0.5; 1000000; 1; 1; 1; gaussian; 0.719; 0.121362189512334; 0; 4; 360; 815421; mcmc; 1; 
# n_dimensions: 3 
# n_peaks: 2 
# peak 0; position,sigma,weight: -0.50000  0.01562  0.50000 
# peak 1; position,sigma,weight:  0.50000  0.01562  0.50000 
# target mean, variance:                0   0.250244140625 
# burn-in, mcmc steps: 0 1000000 
# n temperatures: 1 
#  T, rate, Proposal(shape,W1,W2,p1):   1.00000  1.00000      gaussian  0.71900  0.12136  0.00000 
#  n_bins: 4 n_bins_1d: 360 
# seed: 815421  chain_type: mcmc neighbor_swap_only: 1 
    1000  0.7490394  0.5929842 0.01222952      0.875  0.9796133    0.94207 
    2000  0.7499732  0.5554669 0.01540833      0.875  0.9623706  0.8972794 
    4000  0.7502251  0.5310002 0.01924425      0.875  0.9313033  0.8250517 
    8000  0.7505843  0.5162702 0.02086363      0.875   0.880464  0.7225154 
   16000  0.7500125   0.506596 0.02281358      0.875  0.8079219  0.6087919 
   32000  0.7499804  0.5023208 0.02489494      0.875  0.7214314  0.4963807 
   64000  0.7502872  0.5008282 0.02695125      0.875  0.6346035  0.4033088 
  128000  0.7501147  0.5004279 0.02864267      0.875  0.5698944  0.3380995 
  256000  0.7501334   0.500166 0.03005098      0.875  0.5291313  0.2945582 
  512000  0.7500272  0.5000714 0.03151706      0.875  0.5077299  0.2701674 
 1000000  0.7499778  0.5000355  0.0330622      0.875  0.5011887   0.258259 

# /home/tomfy/mcmc_toy/src/mcmc_toy; 3; 2; -0.5; 0.015625; 0.5; 0.5; 0.015625; 0.5; 1000000; 1; 1; 1; gaussian; 0.719; 0.17160613597044; 0; 4; 360; 95816; mcmc; 1; 
# n_dimensions: 3 
# n_peaks: 2 
# peak 0; position,sigma,weight: -0.50000  0.01562  0.50000 
# peak 1; position,sigma,weight:  0.50000  0.01562  0.50000 
# target mean, variance:                0   0.250244140625 
# burn-in, mcmc steps: 0 1000000 
# n temperatures: 1 
#  T, rate, Proposal(shape,W1,W2,p1):   1.00000  1.00000      gaussian  0.71900  0.17161  0.00000 
#  n_bins: 4 n_bins_1d: 360 
# seed: 95816  chain_type: mcmc neighbor_swap_only: 1 
    1000  0.7493223  0.6554098 0.007658999      0.875  0.9909322  0.9735411 
    2000   0.750079  0.6165479 0.01114711      0.875  0.9840172  0.9541533 
    4000  0.7500492  0.5734017  0.0145855      0.875  0.9706325  0.9177172 
    8000  0.7503423  0.5444882 0.01782075      0.875  0.9454083  0.8561483 
   16000  0.7500944  0.5243795 0.01937046      0.875  0.9067251  0.7735098 
   32000  0.7496201  0.5084795 0.02185269      0.875  0.8425513  0.6632018 
   64000  0.7497266  0.5036169 0.02408051      0.875  0.7607379  0.5476144 
  128000  0.7497932  0.5017901 0.02575171      0.875  0.6725964  0.4451836 
  256000  0.7498389  0.5005138 0.02768106      0.875  0.5960727  0.3682477 
  512000  0.7499507  0.5002378 0.03011461      0.875  0.5443095  0.3149357 
 1000000  0.7500009  0.5000865 0.03136893      0.875  0.5157922  0.2835058 

# /home/tomfy/mcmc_toy/src/mcmc_toy; 3; 2; -0.5; 0.015625; 0.5; 0.5; 0.015625; 0.5; 1000000; 1; 1; 1; gaussian; 0.719; 0.242651076262203; 0; 4; 360; 93746; mcmc; 1; 
# n_dimensions: 3 
# n_peaks: 2 
# peak 0; position,sigma,weight: -0.50000  0.01562  0.50000 
# peak 1; position,sigma,weight:  0.50000  0.01562  0.50000 
# target mean, variance:                0   0.250244140625 
# burn-in, mcmc steps: 0 1000000 
# n temperatures: 1 
#  T, rate, Proposal(shape,W1,W2,p1):   1.00000  1.00000      gaussian  0.71900  0.24265  0.00000 
#  n_bins: 4 n_bins_1d: 360 
# seed: 93746  chain_type: mcmc neighbor_swap_only: 1 
    1000   0.747368  0.6824484 0.005223668    0.87375  0.9944067  0.9833789 
    2000  0.7500692   0.664237 0.007412909    0.87375  0.9919117  0.9760094 
    4000  0.7501733   0.624212 0.01119775  0.8738325  0.9871272  0.9627392 
    8000  0.7509145  0.5903551 0.01409388  0.8744163  0.9782206  0.9382394 
   16000  0.7480654  0.5499436 0.01689462  0.8734581  0.9609608  0.8961587 
   32000  0.7471026  0.5284656 0.02000009  0.8736041  0.9281422  0.8196688 
   64000  0.7467895  0.5154957 0.02254992  0.8718234  0.8754984   0.717831 
  128000  0.7416105  0.5022226 0.02477238  0.8694089  0.8014063  0.6040197 
  256000  0.7231762  0.4952617 0.02870667  0.8574705   0.711792  0.4943971 
  512000  0.7012651  0.4817023 0.04558645  0.8437911  0.6244127  0.4057902 
 1000000  0.6618463  0.4599953 0.06605766  0.8190719  0.5495643   0.337103 

# /home/tomfy/mcmc_toy/src/mcmc_toy; 3; 2; -0.5; 0.015625; 0.5; 0.5; 0.015625; 0.5; 1000000; 1; 1; 1; gaussian; 0.719; 0.343108621834754; 0; 4; 360; 29252; mcmc; 1; 
# n_dimensions: 3 
# n_peaks: 2 
# peak 0; position,sigma,weight: -0.50000  0.01562  0.50000 
# peak 1; position,sigma,weight:  0.50000  0.01562  0.50000 
# target mean, variance:                0   0.250244140625 
# burn-in, mcmc steps: 0 1000000 
# n temperatures: 1 
#  T, rate, Proposal(shape,W1,W2,p1):   1.00000  1.00000      gaussian  0.71900  0.34311  0.00000 
#  n_bins: 4 n_bins_1d: 360 
# seed: 29252  chain_type: mcmc neighbor_swap_only: 1 
    1000   0.751346  0.7546401 0.003170904     0.8713  0.9963611  0.9890833 
    2000  0.7472338  0.7308503 0.005458959    0.86875  0.9954722  0.9864911 
    4000  0.7307532  0.6778263 0.01012531  0.8643675  0.9936389  0.9811714 
    8000  0.7178427   0.642105 0.01345438  0.8549188  0.9897974  0.9702435 
   16000  0.7030338  0.5990575 0.03004328  0.8427163  0.9833789   0.952721 
   32000  0.6709686  0.5475342 0.04162522     0.8221  0.9690182  0.9142241 
   64000  0.6116996  0.4886063 0.06799569  0.7891472  0.9428911  0.8504562 
  128000  0.5441438  0.4328636  0.1309466  0.7343357  0.9011611  0.7617948 
  256000  0.3851769   0.346049  0.1633974  0.6245423   0.825511  0.6345673 
  512000  0.2491551  0.2773821  0.1956266  0.5172519  0.7202256  0.5048154 
 1000000  0.1357502  0.1844258  0.1628007  0.3923785  0.5943936  0.3840498 

# /home/tomfy/mcmc_toy/src/mcmc_toy; 3; 2; -0.5; 0.015625; 0.5; 0.5; 0.015625; 0.5; 1000000; 1; 1; 1; gaussian; 0.719; 0.485155591274343; 0; 4; 360; 552487; mcmc; 1; 
# n_dimensions: 3 
# n_peaks: 2 
# peak 0; position,sigma,weight: -0.50000  0.01562  0.50000 
# peak 1; position,sigma,weight:  0.50000  0.01562  0.50000 
# target mean, variance:                0   0.250244140625 
# burn-in, mcmc steps: 0 1000000 
# n temperatures: 1 
#  T, rate, Proposal(shape,W1,W2,p1):   1.00000  1.00000      gaussian  0.71900  0.48516  0.00000 
#  n_bins: 4 n_bins_1d: 360 
# seed: 552487  chain_type: mcmc neighbor_swap_only: 1 
    1000   0.743688  0.7379018 0.001054698       0.87  0.9969444  0.9908889 
    2000  0.7344409  0.7245009 0.009706397    0.86375     0.9965  0.9895739 
    4000  0.7186742  0.6920692 0.01965755    0.85451  0.9957778  0.9874445 
    8000  0.7038847  0.6680742  0.0364184     0.8438  0.9940555  0.9824306 
   16000  0.6681092  0.6175597 0.06133338  0.8246512  0.9903932  0.9718026 
   32000  0.5626019    0.54761  0.1068526  0.7594163   0.983363  0.9521136 
   64000   0.414096  0.4502909  0.1444887  0.6695216  0.9700652  0.9174385 
  128000  0.2773691   0.355472  0.1880522  0.5580755   0.947633  0.8632141 
  256000  0.1577539  0.2717846   0.185319  0.4261191  0.9039394  0.7694167 
  512000 0.07936211  0.1998053  0.1422966  0.3114872  0.8281553  0.6420363 
 1000000 0.04626831  0.1440575  0.1014245  0.2297245  0.7221555  0.5082026 

# /home/tomfy/mcmc_toy/src/mcmc_toy; 3; 2; -0.5; 0.015625; 0.5; 0.5; 0.015625; 0.5; 1000000; 1; 1; 1; gaussian; 0.719; 0.686010006061921; 0; 4; 360; 431100; mcmc; 1; 
# n_dimensions: 3 
# n_peaks: 2 
# peak 0; position,sigma,weight: -0.50000  0.01562  0.50000 
# peak 1; position,sigma,weight:  0.50000  0.01562  0.50000 
# target mean, variance:                0   0.250244140625 
# burn-in, mcmc steps: 0 1000000 
# n temperatures: 1 
#  T, rate, Proposal(shape,W1,W2,p1):   1.00000  1.00000      gaussian  0.71900  0.68601  0.00000 
#  n_bins: 4 n_bins_1d: 360 
# seed: 431100  chain_type: mcmc neighbor_swap_only: 1 
    1000  0.7380603  0.7318276 0.01897125    0.86761  0.9967778  0.9903889 
    2000  0.7271076  0.7246523 0.02218379    0.86376  0.9965833  0.9898056 
    4000  0.7163147  0.7176179 0.03666633  0.8571625  0.9961441  0.9885683 
    8000  0.6817344  0.6846079  0.0554964  0.8329087  0.9948055  0.9846575 
   16000  0.5889791  0.6386098 0.08321313  0.7908262   0.992539  0.9782424 
   32000  0.4888493  0.5696166  0.1160046  0.7253872    0.98807  0.9658605 
   64000  0.3760941  0.4786584  0.1658192  0.6342297  0.9809513  0.9463698 
  128000  0.2420798  0.3664883  0.1961439  0.5275232  0.9660656  0.9070502 
  256000  0.1367727  0.2794592  0.1659386  0.3975368  0.9362084  0.8379214 
  512000 0.06965641  0.2015001  0.1148397  0.2848921  0.8815122  0.7321427 
 1000000 0.03607801  0.1503673 0.07933766  0.2053106  0.8016326  0.6083082 

# /home/tomfy/mcmc_toy/src/mcmc_toy; 3; 2; -0.5; 0.015625; 0.5; 0.5; 0.015625; 0.5; 1000000; 1; 1; 1; gaussian; 0.719; 0.970018148571556; 0; 4; 360; 507158; mcmc; 1; 
# n_dimensions: 3 
# n_peaks: 2 
# peak 0; position,sigma,weight: -0.50000  0.01562  0.50000 
# peak 1; position,sigma,weight:  0.50000  0.01562  0.50000 
# target mean, variance:                0   0.250244140625 
# burn-in, mcmc steps: 0 1000000 
# n temperatures: 1 
#  T, rate, Proposal(shape,W1,W2,p1):   1.00000  1.00000      gaussian  0.71900  0.97002  0.00000 
#  n_bins: 4 n_bins_1d: 360 
# seed: 507158  chain_type: mcmc neighbor_swap_only: 1 
    1000  0.7325296  0.7484532 0.006771487     0.8675      0.997      0.991 
    2000  0.7286014  0.7479684 0.01257342    0.86618  0.9969166    0.99075 
    4000  0.7100341  0.7362998 0.01719948    0.85984  0.9966666  0.9900278 
    8000  0.6853712  0.7143501 0.03675271  0.8467062  0.9961666  0.9886025 
   16000  0.6422139  0.6728027 0.05352172  0.8216344  0.9950278  0.9852848 
   32000  0.5406988   0.624651  0.1049179  0.7660541  0.9926192  0.9783835 
   64000  0.3987713  0.5247929  0.1399325  0.6816445  0.9880003  0.9651016 
  128000  0.2582731  0.4417888   0.186748  0.5534892  0.9776751   0.936854 
  256000  0.1516409  0.3386617  0.1884619  0.4407052  0.9603855  0.8926777 
  512000 0.08243392  0.2523707  0.1384442  0.3278703  0.9255277  0.8132806 
 1000000 0.04140962  0.1832507 0.09439801  0.2413593  0.8664933  0.7034468 

# /home/tomfy/mcmc_toy/src/mcmc_toy; 3; 2; -0.5; 0.015625; 0.5; 0.5; 0.015625; 0.5; 1000000; 1; 1; 1; gaussian; 0.719; 1.37160566208018; 0; 4; 360; 217870; mcmc; 1; 
# n_dimensions: 3 
# n_peaks: 2 
# peak 0; position,sigma,weight: -0.50000  0.01562  0.50000 
# peak 1; position,sigma,weight:  0.50000  0.01562  0.50000 
# target mean, variance:                0   0.250244140625 
# burn-in, mcmc steps: 0 1000000 
# n temperatures: 1 
#  T, rate, Proposal(shape,W1,W2,p1):   1.00000  1.00000      gaussian  0.71900  1.37161  0.00000 
#  n_bins: 4 n_bins_1d: 360 
# seed: 217870  chain_type: mcmc neighbor_swap_only: 1 
    1000  0.7487321  0.7665823 0.0001697038     0.8725  0.9971666  0.9915278 
    2000  0.7447529  0.7633043 0.01059101   0.869625  0.9970833  0.9912778 
    4000  0.7249747   0.743957 0.01272308   0.863195  0.9969166  0.9908056 
    8000  0.6801018  0.7177485 0.02155463  0.8436288  0.9964444  0.9893889 
   16000  0.6259401  0.6868162 0.04884706  0.8265894  0.9957778  0.9874167 
   32000  0.6052729  0.6667734 0.07730321  0.7980853  0.9945917  0.9840084 
   64000  0.5235964  0.6261773  0.1162163  0.7499809  0.9923756  0.9776971 
  128000  0.4369613  0.5811965  0.1620651  0.6896835  0.9881845  0.9659392 
  256000  0.3123382  0.4693243  0.2139979  0.5996821  0.9796914  0.9437021 
  512000  0.1551008  0.3404905  0.1734672  0.4460096  0.9607257  0.8950934 
 1000000 0.08287085  0.2563024  0.1302077  0.3341504  0.9288256  0.8214854 

# /home/tomfy/mcmc_toy/src/mcmc_toy; 3; 2; -0.5; 0.015625; 0.5; 0.5; 0.015625; 0.5; 1000000; 1; 1; 1; gaussian; 0.719; 1.93945040618137; 0; 4; 360; 348517; mcmc; 1; 
# n_dimensions: 3 
# n_peaks: 2 
# peak 0; position,sigma,weight: -0.50000  0.01562  0.50000 
# peak 1; position,sigma,weight:  0.50000  0.01562  0.50000 
# target mean, variance:                0   0.250244140625 
# burn-in, mcmc steps: 0 1000000 
# n temperatures: 1 
#  T, rate, Proposal(shape,W1,W2,p1):   1.00000  1.00000      gaussian  0.71900  1.93945  0.00000 
#  n_bins: 4 n_bins_1d: 360 
# seed: 348517  chain_type: mcmc neighbor_swap_only: 1 
    1000   0.747925  0.7317072 4.4927e-05    0.87284  0.9971666  0.9915556 
    2000  0.7467629  0.7317072 9.0904e-05   0.873115  0.9971666  0.9915556 
    4000  0.7450408  0.7304356 0.0001299587  0.8721825  0.9971389  0.9914722 
    8000   0.737032  0.7279631 0.003304532  0.8669612      0.997  0.9910556 
   16000  0.7111114  0.7144614    0.01279  0.8598369    0.99675  0.9903373 
   32000  0.6705711  0.6912118 0.03134084  0.8445256  0.9962222  0.9888541 
   64000  0.6145959  0.6639191 0.04636359  0.8150014  0.9952882  0.9862049 
  128000  0.5200854   0.605078   0.120653  0.7553001  0.9928798  0.9793047 
  256000  0.4049912  0.5189166  0.1552093  0.6771836  0.9889716  0.9677716 
  512000  0.2476155  0.4174628  0.1870185  0.5638205  0.9812639  0.9462697 
 1000000  0.1639821  0.3474586   0.156162  0.4643878  0.9674494  0.9103663 

# /home/tomfy/mcmc_toy/src/mcmc_toy; 3; 2; -0.5; 0.015625; 0.5; 0.5; 0.015625; 0.5; 1000000; 1; 1; 1; gaussian; 0.719; 2.74238287434046; 0; 4; 360; 649140; mcmc; 1; 
# n_dimensions: 3 
# n_peaks: 2 
# peak 0; position,sigma,weight: -0.50000  0.01562  0.50000 
# peak 1; position,sigma,weight:  0.50000  0.01562  0.50000 
# target mean, variance:                0   0.250244140625 
# burn-in, mcmc steps: 0 1000000 
# n temperatures: 1 
#  T, rate, Proposal(shape,W1,W2,p1):   1.00000  1.00000      gaussian  0.71900  2.74238  0.00000 
#  n_bins: 4 n_bins_1d: 360 
# seed: 649140  chain_type: mcmc neighbor_swap_only: 1 
    1000  0.7503414   0.758649          0      0.875  0.9972222  0.9916945 
    2000  0.7503414   0.758649          0      0.875  0.9972222  0.9916945 
    4000  0.7503414   0.758649          0      0.875  0.9972222  0.9916945 
    8000  0.7432343  0.7537661 0.00901086    0.87173  0.9971389  0.9914445 
   16000  0.7294249  0.7425576 0.01503128  0.8661763      0.997  0.9910278 
   32000   0.689378    0.71315 0.02162238    0.85375  0.9966435  0.9900047 
   64000  0.6677851  0.7009128 0.04638641  0.8431214  0.9963495  0.9890996 
  128000  0.6295619  0.6836752 0.06825897  0.8239361  0.9957164  0.9872807 
  256000  0.5451408  0.6529228 0.09945828  0.7850251  0.9943699  0.9833918 
  512000  0.4066469  0.5420783  0.1609316  0.7043999  0.9908801   0.973238 
 1000000  0.2843409  0.4587163  0.1826526  0.5998147  0.9844905  0.9553149 

# /home/tomfy/mcmc_toy/src/mcmc_toy; 3; 2; -0.5; 0.015625; 0.5; 0.5; 0.015625; 0.5; 1000000; 1; 1; 1; gaussian; 0.719; 3.87772938431741; 0; 4; 360; 116698; mcmc; 1; 
# n_dimensions: 3 
# n_peaks: 2 
# peak 0; position,sigma,weight: -0.50000  0.01562  0.50000 
# peak 1; position,sigma,weight:  0.50000  0.01562  0.50000 
# target mean, variance:                0   0.250244140625 
# burn-in, mcmc steps: 0 1000000 
# n temperatures: 1 
#  T, rate, Proposal(shape,W1,W2,p1):   1.00000  1.00000      gaussian  0.71900  3.87773  0.00000 
#  n_bins: 4 n_bins_1d: 360 
# seed: 116698  chain_type: mcmc neighbor_swap_only: 1 
    1000  0.7504653  0.7460465 1.355874e-05    0.87479  0.9971944  0.9916667 
    2000  0.7484076  0.7460465 1.610194e-06    0.87375  0.9971944  0.9916667 
    4000  0.7492083  0.7460465 4.364079e-06    0.87375  0.9971944  0.9916667 
    8000  0.7500661  0.7460465 7.351215e-06  0.8737762  0.9971944  0.9916667 
   16000   0.748134   0.744877 7.267584e-05  0.8731381  0.9971389     0.9915 
   32000  0.7422529  0.7446174 3.776234e-05  0.8720525  0.9970833  0.9913334 
   64000    0.73243  0.7408294 0.00979746  0.8684786      0.997  0.9911111 
  128000  0.7247927  0.7354832 0.002150393  0.8649235  0.9969166   0.990868 
  256000   0.698813  0.7169762 0.01979686  0.8545767  0.9966164   0.990106 
  512000  0.6290317  0.6753161 0.05537527  0.8174319  0.9955364   0.986842 
 1000000  0.5194021  0.6148357 0.08187705  0.7678107  0.9935458  0.9809965 

# /home/tomfy/mcmc_toy/src/mcmc_toy; 3; 2; -0.5; 0.015625; 0.5; 0.5; 0.015625; 0.5; 1000000; 1; 1; 1; gaussian; 0.719; 5.48310934942482; 0; 4; 360; 755518; mcmc; 1; 
# n_dimensions: 3 
# n_peaks: 2 
# peak 0; position,sigma,weight: -0.50000  0.01562  0.50000 
# peak 1; position,sigma,weight:  0.50000  0.01562  0.50000 
# target mean, variance:                0   0.250244140625 
# burn-in, mcmc steps: 0 1000000 
# n temperatures: 1 
#  T, rate, Proposal(shape,W1,W2,p1):   1.00000  1.00000      gaussian  0.71900  5.48311  0.00000 
#  n_bins: 4 n_bins_1d: 360 
# seed: 755518  chain_type: mcmc neighbor_swap_only: 1 
    1000   0.750655  0.7635955          0      0.875  0.9972222  0.9916667 
    2000   0.750655  0.7635955          0      0.875  0.9972222  0.9916667 
    4000  0.7508923  0.7635201 2.068929e-06      0.875  0.9971944  0.9915834 
    8000   0.751055  0.7635201 3.636879e-07      0.875  0.9971944  0.9915834 
   16000  0.7511689  0.7635201 2.538376e-06      0.875  0.9971666     0.9915 
   32000  0.7501042  0.7621682 0.001741512    0.87375  0.9971389  0.9914167 
   64000  0.7489102  0.7606366 0.003067632  0.8737189  0.9970833  0.9913023 
  128000  0.7336518  0.7546797 0.007586414     0.8675  0.9969722  0.9909167 
  256000  0.7332603  0.7539848 0.01542588  0.8657555  0.9968611  0.9905833 
  512000  0.6800526  0.7211706 0.04174612  0.8443353  0.9960555  0.9883226 
 1000000  0.6058574  0.6699558 0.05541308  0.8123297   0.995116   0.985683 

# /home/tomfy/mcmc_toy/src/mcmc_toy; 3; 2; -0.5; 0.015625; 0.5; 0.5; 0.015625; 0.5; 1000000; 1; 1; 1; gaussian; 0.719; 7.7531166200867; 0; 4; 360; 380231; mcmc; 1; 
# n_dimensions: 3 
# n_peaks: 2 
# peak 0; position,sigma,weight: -0.50000  0.01562  0.50000 
# peak 1; position,sigma,weight:  0.50000  0.01562  0.50000 
# target mean, variance:                0   0.250244140625 
# burn-in, mcmc steps: 0 1000000 
# n temperatures: 1 
#  T, rate, Proposal(shape,W1,W2,p1):   1.00000  1.00000      gaussian  0.71900  7.75312  0.00000 
#  n_bins: 4 n_bins_1d: 360 
# seed: 380231  chain_type: mcmc neighbor_swap_only: 1 
    1000  0.7521435  0.7415287          0      0.875  0.9972222  0.9916667 
    2000  0.7521435  0.7415287          0      0.875  0.9972222  0.9916667 
    4000  0.7521435  0.7415287          0      0.875  0.9972222  0.9916667 
    8000  0.7521435  0.7415287          0      0.875  0.9972222  0.9916667 
   16000  0.7521435  0.7415287          0      0.875  0.9972222  0.9916667 
   32000  0.7496597   0.740029 0.004775589    0.87375  0.9971944  0.9915834 
   64000  0.7473199  0.7381695 0.0006092807    0.87375  0.9971944  0.9915834 
  128000  0.7442294  0.7381695 0.001583461     0.8725  0.9971666     0.9915 
  256000  0.7395682  0.7379846 0.00347204  0.8701875  0.9971111  0.9913334 
  512000  0.7285251  0.7322597 0.02322925  0.8636908  0.9968889  0.9907004 
 1000000  0.6987061  0.7185104 0.02574904  0.8531294  0.9966389  0.9899167 

# /home/tomfy/mcmc_toy/src/mcmc_toy; 3; 2; -0.5; 0.015625; 0.5; 0.5; 0.015625; 0.5; 1000000; 1; 1; 1; gaussian; 0.719; 10.9629069008026; 0; 4; 360; 932087; mcmc; 1; 
# n_dimensions: 3 
# n_peaks: 2 
# peak 0; position,sigma,weight: -0.50000  0.01562  0.50000 
# peak 1; position,sigma,weight:  0.50000  0.01562  0.50000 
# target mean, variance:                0   0.250244140625 
# burn-in, mcmc steps: 0 1000000 
# n temperatures: 1 
#  T, rate, Proposal(shape,W1,W2,p1):   1.00000  1.00000      gaussian  0.71900 10.96291  0.00000 
#  n_bins: 4 n_bins_1d: 360 
# seed: 932087  chain_type: mcmc neighbor_swap_only: 1 
    1000    0.75119   0.740012          0      0.875  0.9972222  0.9916945 
    2000    0.75119   0.740012          0      0.875  0.9972222  0.9916945 
    4000    0.75119   0.740012          0      0.875  0.9972222  0.9916945 
    8000    0.75119   0.740012          0      0.875  0.9972222  0.9916945 
   16000    0.75119   0.740012          0      0.875  0.9972222  0.9916945 
   32000    0.75119   0.740012          0      0.875  0.9972222  0.9916945 
   64000    0.75119   0.740012          0      0.875  0.9972222  0.9916945 
  128000    0.75119   0.740012          0      0.875  0.9972222  0.9916945 
  256000    0.75119   0.740012          0      0.875  0.9972222  0.9916945 
  512000    0.75119   0.740012          0      0.875  0.9972222  0.9916945 
 1000000  0.7401344  0.7334013 0.007013448  0.8714749  0.9971111  0.9913665 

# /home/tomfy/mcmc_toy/src/mcmc_toy; 3; 2; -0.5; 0.015625; 0.5; 0.5; 0.015625; 0.5; 1000000; 1; 1; 1; gaussian; 0.719; 15.5015503577349; 0; 4; 360; 22266; mcmc; 1; 
# n_dimensions: 3 
# n_peaks: 2 
# peak 0; position,sigma,weight: -0.50000  0.01562  0.50000 
# peak 1; position,sigma,weight:  0.50000  0.01562  0.50000 
# target mean, variance:                0   0.250244140625 
# burn-in, mcmc steps: 0 1000000 
# n temperatures: 1 
#  T, rate, Proposal(shape,W1,W2,p1):   1.00000  1.00000      gaussian  0.71900 15.50155  0.00000 
#  n_bins: 4 n_bins_1d: 360 
# seed: 22266  chain_type: mcmc neighbor_swap_only: 1 
    1000  0.7505112  0.7551664          0      0.875  0.9972222  0.9917222 
    2000  0.7505112  0.7551664          0      0.875  0.9972222  0.9917222 
    4000  0.7505112  0.7551664          0      0.875  0.9972222  0.9917222 
    8000  0.7505112  0.7551664          0      0.875  0.9972222  0.9917222 
   16000  0.7505112  0.7551664          0      0.875  0.9972222  0.9917222 
   32000  0.7505112  0.7551664          0      0.875  0.9972222  0.9917222 
   64000  0.7505112  0.7551664          0      0.875  0.9972222  0.9917222 
  128000  0.7505112  0.7551664          0      0.875  0.9972222  0.9917222 
  256000  0.7505134  0.7551664 7.212585e-05      0.875  0.9971944  0.9916389 
  512000   0.746276   0.751114 0.002182724    0.87375  0.9971666  0.9915556 
 1000000   0.744357  0.7480746 0.0008204399     0.8725  0.9971389  0.9914722 

# /home/tomfy/mcmc_toy/src/mcmc_toy; 3; 2; -0.5; 0.015625; 0.5; 0.5; 0.015625; 0.5; 1000000; 1; 1; 1; gaussian; 0.719; 21.9191922058371; 0; 4; 360; 190790; mcmc; 1; 
# n_dimensions: 3 
# n_peaks: 2 
# peak 0; position,sigma,weight: -0.50000  0.01562  0.50000 
# peak 1; position,sigma,weight:  0.50000  0.01562  0.50000 
# target mean, variance:                0   0.250244140625 
# burn-in, mcmc steps: 0 1000000 
# n temperatures: 1 
#  T, rate, Proposal(shape,W1,W2,p1):   1.00000  1.00000      gaussian  0.71900 21.91919  0.00000 
#  n_bins: 4 n_bins_1d: 360 
# seed: 190790  chain_type: mcmc neighbor_swap_only: 1 
    1000  0.7505556  0.7214696          0      0.875  0.9972222    0.99175 
    2000  0.7505556  0.7214696          0      0.875  0.9972222    0.99175 
    4000  0.7505556  0.7214696          0      0.875  0.9972222    0.99175 
    8000  0.7505556  0.7214696          0      0.875  0.9972222    0.99175 
   16000  0.7505556  0.7214696          0      0.875  0.9972222    0.99175 
   32000  0.7505556  0.7214696          0      0.875  0.9972222    0.99175 
   64000  0.7505556  0.7214696          0      0.875  0.9972222    0.99175 
  128000  0.7505556  0.7214696          0      0.875  0.9972222    0.99175 
  256000  0.7505556  0.7214696          0      0.875  0.9972222    0.99175 
  512000  0.7505556  0.7214696          0      0.875  0.9972222    0.99175 
 1000000  0.7413494  0.7173726 0.004181281     0.8725  0.9971666  0.9915834 

