# T:          1         0        0     312500    87312    312500   197605 
# T:    1.29739         0        0     312500    86950    312500   188843 
# T:    1.68321         0        0     312500    87365    312500   196394 
# T:    2.18378         0        0     312500    86920    312500   205448 
# T:     2.8332         0        0     312500    86651    312500   214425 
# T:    3.67576         0        0     312500    87601    312500   221477 
# T:    4.76888         0        0     312500    87522    312500   226884 
# T:    6.18708         0        0     312500    87106    312500   230966 
# T:    8.02703         0        0     312500    87144    312500   233061 
# T:    10.4142         0        0     312500    87309    312500   234526 
# T:    13.5112         0        0     312500    87443    312500   236409 
# T:    17.5292         0        0     312500    87063    312500   236459 
# T:    22.7422         0        0     312500    87123    312500   236837 
# T:    29.5054         0        0     312500    87409    312500   237037 
# T:    38.2799         0        0     312500    87615    312500   237917 
# T:    49.6638         0        0     312500    89328    312500   238454 
# T:    64.4332         0        0     312500    92432    312500   241538 
# T:    83.5948         0        0     312500    99385    312500   245889 
# T:    108.455         0        0     312500   109257    312500   251549 
# T:    140.708         0        0     312500   123503    312500   257751 
# T:    182.552         0        0     312500   139645    312500   263641 
# T:    236.841         0        0     312500   155295    312500   268675 
# T:    307.274         0        0     312500   169160    312500   272246 
# T:    398.653         0        0     312500   181311    312500   274211 
# T:    517.207         0        0     312500   189948    312500   274814 
# T:    671.018         0        0     312500   194220    312500   274732 
# T:    870.569         0        0     312500   195496    312500   273121 
# T:    1129.46         0        0     312500   194438    312500   271994 
# T:    1465.35         0        0     312500   191184    312500   269833 
# T:    1901.13         0        0     312500   186573    312500   267582 
# T:     2466.5         0        0     312500   181036    312500   265465 
# T:       3200         0        0     312500   175008 
