#  nT     T_hot    cold_rate  n_pi_eval  gen    n_try    n_acc    tvd_ndim   tvd_orth   tvd_refl   tvd_1d1   tvd_1dall     dmusq      ksd       edfs       sq_avg_q    sq_avg_p      T 
   32 3200.0000          1    32000     1000     1000      275   0.9379883    0.54625    0.54625  0.5073333  0.3137223    1.392947  0.1490325  0.1798107   0.000324         -1        1  
   32 3200.0000          1    64000     2000     2000      567   0.9082031   0.469875   0.469875  0.4206112  0.2583889    1.260206 0.09760657  0.1873237    2.5e-05         -1        1  
   32 3200.0000          1   128000     4000     4000     1117   0.8601074   0.417625   0.417625  0.3329722     0.2095    1.084919  0.1243331  0.2058277 0.00255025         -1        1  
   32 3200.0000          1   256000     8000     8000     2256   0.7789727    0.34825    0.34825  0.2740555  0.1730555   0.8432458  0.1645843  0.2100418     0.0016         -1        1  
   32 3200.0000          1   512000    16000    16000     4481    0.730248   0.336875   0.336875  0.2287638  0.1667639    1.117089  0.1770605  0.2115697 0.0006312656         -1        1  
   32 3200.0000          1  1024000    32000    32000     8980   0.6808066   0.341625   0.341625  0.2121251  0.1318039   0.8732083  0.1175399  0.1770953   0.000225         -1        1  
   32 3200.0000          1  2048000    64000    64000    17835   0.6636543  0.3414531  0.3414531  0.1770295  0.1178681   0.8065369  0.1336756  0.1738361 0.00018479         -1        1  
   32 3200.0000          1  4096000   128000   128000    35658   0.5624707  0.3101641  0.3101641  0.1856163 0.05634193      0.4445  0.1851259  0.2188114 4.856348e-05         -1        1  
   32 3200.0000          1  8192000   256000   256000    71577   0.4525332  0.2148398  0.2148398 0.05353376 0.02209439   0.1033757 0.04698626  0.1070807 1.5625e-08         -1        1  
   32 3200.0000          1 10000000   312500   312500    87312   0.3873293  0.1797692  0.1797692 0.04513677 0.01405097  0.06137616 0.03668186 0.07149932 2.320138e-06         -1        1  
