#  nT     T_hot    cold_rate  n_pi_eval  gen    n_try    n_acc    tvd_ndim   tvd_orth   tvd_refl   tvd_1d1   tvd_1dall     dmusq      ksd       edfs       sq_avg_q    sq_avg_p      T 
    4 23170.4750          1     4000     1000     1000      336    0.705625      0.703 0.05600001  0.5203333  0.2989999   0.5069786  0.2411167  0.2372132   0.003364         -1        1  
    4 23170.4750          1     8000     2000     2000      664    0.457375     0.4275 0.06150001  0.3868889  0.2416666  0.09398539  0.1431024  0.1307892   0.004624         -1        1  
    4 23170.4750          1    16000     4000     4000     1307     0.45025     0.4255    0.04275  0.3757222   0.165861   0.1467473  0.3115308  0.3108429 0.00070225         -1        1  
    4 23170.4750          1    32000     8000     8000     2586    0.393875    0.39275 0.02724999  0.1969862  0.1205555  0.02547243 0.04161751 0.04081651 0.0002805625         -1        1  
    4 23170.4750          1    64000    16000    16000     5176   0.2125625   0.190125 0.02549999  0.1543195 0.08943053  0.03908505 0.08925083 0.08769676 7.65625e-07         -1        1  
    4 23170.4750          1   128000    32000    32000    10316   0.2248438    0.21775 0.01634374 0.09728481 0.08748616  0.02881186 0.01385579 0.001211861 5.640625e-06         -1        1  
    4 23170.4750          1   256000    64000    64000    20435  0.08146875 0.07929687 0.009734375 0.06978646 0.04351913  0.00115808 0.01863078 0.01770319 2.376562e-05         -1        1  
    4 23170.4750          1   512000   128000   128000    40713  0.09708594 0.09638281 0.007617199 0.06029165 0.02786026  0.002822289 0.04143518 0.04138865 1.139062e-05         -1        1  
    4 23170.4750          1  1000000   250000   250000    79689    0.058352   0.056832 0.004276003 0.03702799 0.02087689  0.001247782 0.006712011 0.005380085 6.65856e-07         -1        1  
