# T:          1         0        0      62500    18587     62500    21768 
# T:    1.82344         0        0      62500    18578     62500    25771 
# T:    3.32495         0        0      62500    18863     62500    30630 
# T:    6.06287         0        0      62500    18702     62500    34192 
# T:    11.0553         0        0      62500    18942     62500    35942 
# T:    20.1587         0        0      62500    21295     62500    39164 
# T:    36.7583         0        0      62500    27977     62500    44315 
# T:    67.0268         0        0      62500    35417     62500    47918 
# T:     122.22         0        0      62500    40233     62500    49214 
# T:    222.861         0        0      62500    41350     62500    48605 
# T:    406.375         0        0      62500    39968     62500    46930 
# T:    741.002         0        0      62500    37357     62500    44949 
# T:    1351.18         0        0      62500    34032     62500    43114 
# T:     2463.8         0        0      62500    31425     62500    41508 
# T:     4492.6         0        0      62500    28394     62500    40514 
# T:       8192         0        0      62500    26293 
