# T:          1         0        0      62500    17343     62500    26750 
# T:          2         0        0      62500    17382     62500    25830 
# T:          4         0        0      62500    17330     62500    25917 
# T:          8         0        0      62500    17395     62500    26356 
# T:         16         0        0      62500    17534     62500    25597 
# T:         32         0        0      62500    17498     62500    26295 
# T:         64         0        0      62500    17434     62500    26464 
# T:        128         0        0      62500    18387     62500    29265 
# T:        256         0        0      62500    22156     62500    32160 
# T:        512         0        0      62500    25335     62500    33046 
# T:       1024         0        0      62500    25933     62500    31911 
# T:       2048         0        0      62500    24791     62500    30478 
# T:       4096         0        0      62500    22955     62500    29130 
# T:       8192         0        0      62500    21385     62500    28298 
# T:      16384         0        0      62500    20159     62500    27542 
# T:      32768         0        0      62500    19556 
