#  nT     T_hot    cold_rate  n_pi_eval  gen    n_try    n_acc    tvd_ndim   tvd_orth   tvd_refl   tvd_1d1   tvd_1dall     dmusq      ksd       edfs       sq_avg_q    sq_avg_p      T 
    2 23170.4750          1     2000     1000     1000      322      0.9375     0.9375      0.131  0.6261112    0.33225   0.9981015   0.500615 0.02259269   0.001444         -1        1  
    2 23170.4750          1     4000     2000     2000      640      0.9375     0.9375 0.08850001  0.5617778  0.2880695    1.001701   0.500615 0.02349217   0.000441         -1        1  
    2 23170.4750          1     8000     4000     4000     1262      0.9375     0.9375 0.04949999       0.53  0.2643125   0.9989572   0.500615  0.0232283   0.000361         -1        1  
    2 23170.4750          1    16000     8000     8000     2501      0.9375     0.9375   0.037125  0.5034167  0.2521007    1.001033  0.5005028 0.02385261 0.00038025         -1        1  
    2 23170.4750          1    32000    16000    16000     4878      0.9375     0.9375 0.02800001  0.5000556   0.250309    1.001059  0.5003778 0.02583403 0.0002805625         -1        1  
    2 23170.4750          1    64000    32000    32000     9644      0.9375     0.9375 0.02828126        0.5       0.25    1.001948  0.5000823   0.028871 0.0005090664         -1        1  
    2 23170.4750          1   128000    64000    64000    19267      0.9375     0.9375 0.02109376        0.5       0.25    1.000869  0.5000216 0.03075664 0.0003851406         -1        1  
    2 23170.4750          1   256000   128000   128000    38471      0.9375     0.9375 0.01818751        0.5       0.25    1.000433  0.5000166 0.03114628 0.000100626         -1        1  
    2 23170.4750          1   512000   256000   256000    76970      0.9375     0.9375 0.007152353        0.5       0.25     1.00016  0.5000119 0.03179956 3.713379e-07         -1        1  
    2 23170.4750          1  1000000   500000   500000   150673      0.9375     0.9375 0.005776009        0.5       0.25    1.000082  0.5000059 0.03354488   6.76e-06         -1        1  
