# T:          1         0        0      62500    17553     62500    32730 
# T:     1.7411         0        0      62500    17479     62500    32058 
# T:    3.03143         0        0      62500    17533     62500    31881 
# T:    5.27803         0        0      62500    17797     62500    32255 
# T:    9.18959         0        0      62500    17905     62500    32885 
# T:         16         0        0      62500    19311     62500    35207 
# T:    27.8576         0        0      62500    22022     62500    37470 
# T:    48.5029         0        0      62500    24729     62500    38349 
# T:    84.4485         0        0      62500    26326     62500    37723 
# T:    147.033         0        0      62500    26031     62500    37265 
# T:        256         0        0      62500    24740     62500    35824 
# T:    445.722         0        0      62500    23284     62500    35349 
# T:    776.047         0        0      62500    22046     62500    33995 
# T:    1351.18         0        0      62500    20869     62500    33827 
# T:    2352.53         0        0      62500    20134     62500    33420 
# T:       4096         0        0      62500    19772 
