#  nT     T_hot    cold_rate  n_pi_eval  gen    n_try    n_acc    tvd_ndim   tvd_orth   tvd_refl   tvd_1d1   tvd_1dall     dmusq      ksd       edfs       sq_avg_q    sq_avg_p      T 
    2 4096.0000          1     2000     1000     1000      300      0.9375     0.9375      0.196  0.6486667  0.3043334   0.9698622  0.5062192 0.04924504     0.0324         -1        1  
    2 4096.0000          1     4000     2000     2000      592      0.9375     0.9375     0.0895  0.5785555  0.2186112   0.9925245  0.5012788 0.06548997   0.000484         -1        1  
    2 4096.0000          1     8000     4000     4000     1197      0.9375     0.9375    0.05725  0.5311111  0.1567499   0.9960416  0.5008962 0.08358797  2.025e-05         -1        1  
    2 4096.0000          1    16000     8000     8000     2403      0.9375     0.9375 0.05924999      0.507   0.107236   0.9900401  0.5006538 0.08249907 0.0004100625         -1        1  
    2 4096.0000          1    32000    16000    16000     4893      0.9375     0.9375  0.0411875  0.5002778 0.07455381   0.9969844  0.5001545 0.08327346 0.0004730625         -1        1  
    2 4096.0000          1    64000    32000    32000     9677      0.9375     0.9375   0.026625        0.5 0.05172049    1.000388  0.5001545 0.08381078   0.000529         -1        1  
    2 4096.0000          1   128000    64000    64000    19292      0.9375     0.9375 0.01315625        0.5 0.03821103    1.000518  0.5000795 0.08524679 9.571289e-06         -1        1  
    2 4096.0000          1   256000   128000   128000    38647   0.9374687  0.9374688 0.01421875        0.5 0.02755015    1.000401  0.5000053  0.1019816 1.38291e-05         -1        1  
    2 4096.0000          1   512000   256000   256000    77480   0.9374844  0.9374844 0.01216797        0.5 0.01930253   0.9994003  0.5000053  0.1097454 7.82251e-06         -1        1  
    2 4096.0000          1  1000000   500000   500000   151784    0.937492   0.937492 0.006351998        0.5 0.01308206   0.9997252  0.5000033  0.1096325  9.216e-09         -1        1  
