# T:          1         0        0      62500    20136     62500    37334 
# T:    1.95432         0        0      62500    19958     62500    37226 
# T:    3.81937         0        0      62500    20228     62500    37087 
# T:    7.46426         0        0      62500    19901     62500    37468 
# T:    14.5876         0        0      62500    19966     62500    36870 
# T:    28.5088         0        0      62500    19929     62500    37480 
# T:    55.7152         0        0      62500    20051     62500    37590 
# T:    108.885         0        0      62500    21120     62500    38570 
# T:    212.797         0        0      62500    24656     62500    41131 
# T:    415.873         0        0      62500    28951     62500    42933 
# T:    812.749         0        0      62500    29999     62500    42520 
# T:    1588.37         0        0      62500    28417     62500    41198 
# T:    3104.19         0        0      62500    26375     62500    40037 
# T:    6066.58         0        0      62500    24687     62500    39300 
# T:      11856         0        0      62500    23308     62500    38634 
# T:    23170.5         0        0      62500    22546 
