#  nT     T_hot    cold_rate  n_pi_eval  gen    n_try    n_acc    tvd_ndim   tvd_orth   tvd_refl   tvd_1d1   tvd_1dall     dmusq      ksd       edfs       sq_avg_q    sq_avg_p      T 
    4 4096.0000          1     4000     1000     1000      442       0.049      0.037      0.048  0.3674445  0.3674445  0.001399412 0.05960288 0.03782361   0.009216         -1        1  
    4 4096.0000          1     8000     2000     2000      911       0.038      0.029       0.02  0.2613333  0.2613333  0.0007032331 0.03228713 0.02840586     0.0016         -1        1  
    4 4096.0000          1    16000     4000     4000     1800     0.02575    0.00575      0.022  0.1866666  0.1866666  1.197128e-05 0.02685978 0.007219151   0.001936         -1        1  
    4 4096.0000          1    32000     8000     8000     3577       0.012   0.005625 0.004125004  0.1407778  0.1407778  5.358869e-05  0.0201308 0.007241697 6.80625e-05         -1        1  
    4 4096.0000          1    64000    16000    16000     7176      0.0115  0.0014375   0.010875 0.09694439 0.09694439  7.152007e-06 0.01440421 0.003019271 0.0004730625         -1        1  
    4 4096.0000          1   128000    32000    32000    14192  0.007812502 0.00415625 0.005406254 0.07048955 0.07048955  1.265086e-05 0.006898775 0.004297103 0.0001169102         -1        1  
    4 4096.0000          1   256000    64000    64000    28474  0.008859375 0.008859375 0.002453129 0.05233673 0.05233673  7.796837e-05 0.009370299 0.008838963 2.407129e-05         -1        1  
    4 4096.0000          1   512000   128000   128000    57238  0.00321875 0.00321875 0.0005546915 0.03713532 0.03713532  1.056374e-05 0.004423042 0.003356329 1.230713e-06         -1        1  
    4 4096.0000          1  1000000   250000   250000   111775  0.002056002   0.001584 0.001140004 0.02657899 0.02657899  2.676316e-06 0.002758755 0.001710666 5.1984e-06         -1        1  
