# T:          1         0        0      31250     8817     31250    23503 
# T:    1.30776         0        0      31250     8781     31250    23488 
# T:    1.71023         0        0      31250     8986     31250    23475 
# T:    2.23657         0        0      31250     8835     31250    23527 
# T:     2.9249         0        0      31250     8682     31250    23521 
# T:    3.82506         0        0      31250     8994     31250    23464 
# T:    5.00226         0        0      31250     8781     31250    23575 
# T:    6.54175         0        0      31250     8805     31250    23576 
# T:    8.55504         0        0      31250     8795     31250    23528 
# T:    11.1879         0        0      31250     8920     31250    23724 
# T:    14.6311         0        0      31250     9338     31250    23973 
# T:     19.134         0        0      31250     9984     31250    24227 
# T:    25.0226         0        0      31250    10722     31250    24666 
# T:    32.7236         0        0      31250    11531     31250    24938 
# T:    42.7945         0        0      31250    12185     31250    25088 
# T:    55.9649         0        0      31250    12697     31250    25208 
# T:    73.1887         0        0      31250    13162     31250    25232 
# T:    95.7131         0        0      31250    13058     31250    25175 
# T:     125.17         0        0      31250    12957     31250    24989 
# T:    163.692         0        0      31250    12785     31250    24781 
# T:     214.07         0        0      31250    12512     31250    24702 
# T:    279.951         0        0      31250    12355     31250    24622 
# T:    366.109         0        0      31250    11804     31250    24471 
# T:    478.782         0        0      31250    11599     31250    24117 
# T:    626.132         0        0      31250    11100     31250    24223 
# T:     818.83         0        0      31250    10854     31250    24098 
# T:    1070.83         0        0      31250    10849     31250    24212 
# T:    1400.39         0        0      31250    10455     31250    24062 
# T:    1831.37         0        0      31250    10182     31250    23994 
# T:    2394.99         0        0      31250    10009     31250    23867 
# T:    3132.08         0        0      31250     9901     31250    24061 
# T:       4096         0        0      31250     9719 
