# T:          1         0        0      62500    17271     62500    27559 
# T:    1.95432         0        0      62500    17382     62500    27196 
# T:    3.81937         0        0      62500    17391     62500    27442 
# T:    7.46426         0        0      62500    17561     62500    27301 
# T:    14.5876         0        0      62500    17521     62500    27260 
# T:    28.5088         0        0      62500    17522     62500    27020 
# T:    55.7152         0        0      62500    17342     62500    27651 
# T:    108.885         0        0      62500    18037     62500    28968 
# T:    212.797         0        0      62500    21067     62500    32199 
# T:    415.873         0        0      62500    24577     62500    34206 
# T:    812.749         0        0      62500    26293     62500    33460 
# T:    1588.37         0        0      62500    25409     62500    32012 
# T:    3104.19         0        0      62500    23598     62500    30150 
# T:    6066.58         0        0      62500    21789     62500    29308 
# T:      11856         0        0      62500    20852     62500    28997 
# T:    23170.5         0        0      62500    20069 
