# T:          1         0        0      31250    11167     31250    23274 
# T:    1.38294         0        0      31250    11251     31250    24036 
# T:    1.91253         0        0      31250    11147     31250    24756 
# T:    2.64492         0        0      31250    11230     31250    25303 
# T:    3.65778         0        0      31250    11116     31250    25619 
# T:     5.0585         0        0      31250    11035     31250    25934 
# T:    6.99562         0        0      31250    11095     31250    25899 
# T:    9.67454         0        0      31250    11059     31250    26197 
# T:    13.3793         0        0      31250    11268     31250    26150 
# T:    18.5029         0        0      31250    10985     31250    26304 
# T:    25.5884         0        0      31250    11217     31250    26221 
# T:    35.3873         0        0      31250    11149     31250    26272 
# T:    48.9387         0        0      31250    11505     31250    26323 
# T:    67.6794         0        0      31250    12465     31250    26484 
# T:    93.5968         0        0      31250    13991     31250    26846 
# T:    129.439         0        0      31250    16277     31250    27433 
# T:    179.007         0        0      31250    18369     31250    27942 
# T:    247.556         0        0      31250    20157     31250    28389 
# T:    342.356         0        0      31250    21600     31250    28753 
# T:    473.459         0        0      31250    22422     31250    28863 
# T:    654.767         0        0      31250    22676     31250    28971 
# T:    905.506         0        0      31250    22665     31250    28915 
# T:    1252.26         0        0      31250    22469     31250    28800 
# T:    1731.81         0        0      31250    21957     31250    28632 
# T:    2394.99         0        0      31250    21185     31250    28483 
# T:    3312.14         0        0      31250    20618     31250    28374 
# T:     4580.5         0        0      31250    19791     31250    28039 
# T:    6334.58         0        0      31250    18652     31250    27947 
# T:    8760.36         0        0      31250    17976     31250    27757 
# T:    12115.1         0        0      31250    16960     31250    27479 
# T:    16754.5         0        0      31250    16347     31250    27381 
# T:    23170.5         0        0      31250    15748 
