# T:          1         0        0      62500    17527     62500    27359 
# T:    1.95432         0        0      62500    17450     62500    26899 
# T:    3.81937         0        0      62500    17627     62500    27666 
# T:    7.46426         0        0      62500    17443     62500    26787 
# T:    14.5876         0        0      62500    17478     62500    27538 
# T:    28.5088         0        0      62500    17376     62500    27573 
# T:    55.7152         0        0      62500    17797     62500    29042 
# T:    108.885         0        0      62500    22042     62500    34952 
# T:    212.797         0        0      62500    29976     62500    41396 
# T:    415.873         0        0      62500    36686     62500    43713 
# T:    812.749         0        0      62500    39411     62500    42657 
# T:    1588.37         0        0      62500    38150     62500    40249 
# T:    3104.19         0        0      62500    35300     62500    37814 
# T:    6066.58         0        0      62500    31744     62500    35085 
# T:      11856         0        0      62500    28723     62500    32593 
# T:    23170.5         0        0      62500    26044 
