#  nT     T_hot    cold_rate  n_pi_eval  gen    n_try    n_acc    tvd_ndim   tvd_orth   tvd_refl   tvd_1d1   tvd_1dall     dmusq      ksd       edfs       sq_avg_q    sq_avg_p      T 
    4 23170.4750          1     4000     1000     1000      301   0.9588437      0.859      0.859  0.8695555  0.5015833     15.9359  0.7623563    1.81328    6.4e-05         -1        1  
    4 23170.4750          1     8000     2000     2000      591   0.9559375     0.8095     0.8095  0.8538333  0.4653195    9.514669  0.7619111  0.8668286    6.4e-05         -1        1  
    4 23170.4750          1    16000     4000     4000     1190   0.8972187      0.695      0.695  0.7531111  0.3567778    5.023233  0.7229111   1.796041 0.00046225         -1        1  
    4 23170.4750          1    32000     8000     8000     2364   0.8965937   0.714375   0.714375  0.7716667  0.2971076    4.698972  0.7424111   1.487238 0.00416025         -1        1  
    4 23170.4750          1    64000    16000    16000     4785   0.8346562   0.620125   0.620125  0.4674445  0.1855938    2.600927  0.4227236  0.6648565 0.001774516         -1        1  
    4 23170.4750          1   128000    32000    32000     9557   0.7654063  0.5977813  0.5977813  0.2511667  0.1009635    1.097814 0.09931212  0.2392149 0.00099225         -1        1  
    4 23170.4750          1   256000    64000    64000    18943   0.7139531  0.4796406  0.4796406  0.1995226  0.0693915    0.830531  0.1661949  0.4591008 0.0001657656         -1        1  
    4 23170.4750          1   512000   128000   128000    38041   0.6474609  0.4856641  0.4856641  0.0795478 0.05074256   0.3725577 0.03027835 0.09436278 3.525391e-05         -1        1  
    4 23170.4750          1  1000000   250000   250000    74537   0.5437027   0.353832   0.353832 0.09877247 0.03370148   0.2032253   0.076126  0.1457837 2.182758e-05         -1        1  
