# T:          1         0        0      62500    27757     62500    49387 
# T:    1.95432         0        0      62500    27719     62500    49315 
# T:    3.81937         0        0      62500    27860     62500    49324 
# T:    7.46426         0        0      62500    27824     62500    49404 
# T:    14.5876         0        0      62500    27837     62500    49285 
# T:    28.5088         0        0      62500    27680     62500    49335 
# T:    55.7152         0        0      62500    28215     62500    49270 
# T:    108.885         0        0      62500    30440     62500    50134 
# T:    212.797         0        0      62500    34942     62500    51633 
# T:    415.873         0        0      62500    37639     62500    52394 
# T:    812.749         0        0      62500    37350     62500    52676 
# T:    1588.37         0        0      62500    35632     62500    52288 
# T:    3104.19         0        0      62500    33651     62500    51668 
# T:    6066.58         0        0      62500    32084     62500    50898 
# T:      11856         0        0      62500    30993     62500    50425 
# T:    23170.5         0        0      62500    29961 
