#  nT     T_hot    cold_rate  n_pi_eval  gen    n_try    n_acc    tvd_ndim   tvd_orth   tvd_refl   tvd_1d1   tvd_1dall     dmusq      ksd       edfs       sq_avg_q    sq_avg_p      T 
    1    1.0000          1     1000     1000     1000        1         0.5      0.132      0.132  0.9944444  0.9944444   0.4347268  0.5597955  0.6252049          1         -1        1  
    1    1.0000          1     2000     2000     2000        4       0.429      0.179      0.179  0.9861111  0.9861111   0.4282402   0.439915  0.7308365   0.060025         -1        1  
    1    1.0000          1     4000     4000     4000       10     0.21575    0.02925    0.02925  0.9694444  0.9694444  0.07231478  0.1807556  0.3277282 0.05221225         -1        1  
    1    1.0000          1     8000     8000     8000       25     0.12675     0.0225     0.0225  0.9277777  0.9277777  0.05054017  0.1454205  0.2452944 0.05359225         -1        1  
    1    1.0000          1    16000    16000    16000       51  0.05756249  0.0389375  0.0389375  0.8681597  0.8681597   0.0223749  0.1465558  0.1857709 0.08094025         -1        1  
    1    1.0000          1    32000    32000    32000      102  0.06903126     0.0075     0.0075  0.7842708  0.7842708  0.007708839  0.0908975  0.1350996 0.07579697         -1        1  
    1    1.0000          1    64000    64000    64000      200  0.06710938 0.03392187 0.03392187  0.6584288  0.6584288  0.0007957086 0.05390866  0.0897907 0.03082219         -1        1  
    1    1.0000          1   128000   128000   128000      399  0.03194532 0.00153125 0.00153125  0.5162717  0.5162717  0.0002109685 0.03517093 0.03361177 8.355713e-06         -1        1  
    1    1.0000          1   256000   256000   256000      792  0.03257814  0.0159375  0.0159375  0.3525121  0.3525121  0.0003286475 0.02649864 0.06534938 3.076782e-05         -1        1  
    1    1.0000          1   512000   512000   512000     1598  0.01464845 0.003798828 0.003798828  0.2672189  0.2672189  6.429609e-05 0.01428333 0.03573841 0.0004841719         -1        1  
    1    1.0000          1  1000000  1000000  1000000     3128  0.01820001   0.005822   0.005822  0.1936864  0.1936864  0.0001517041 0.01398741  0.0240874 0.0002471813         -1        1  
