# T:          1         0        0      62500    18753     62500    23862 
# T:    1.82344         0        0      62500    18793     62500    30413 
# T:    3.32495         0        0      62500    18880     62500    33583 
# T:    6.06287         0        0      62500    18945     62500    34854 
# T:    11.0553         0        0      62500    19002     62500    36070 
# T:    20.1587         0        0      62500    21700     62500    39674 
# T:    36.7583         0        0      62500    27905     62500    44239 
# T:    67.0268         0        0      62500    35768     62500    48175 
# T:     122.22         0        0      62500    40386     62500    49065 
# T:    222.861         0        0      62500    41409     62500    48494 
# T:    406.375         0        0      62500    40204     62500    46842 
# T:    741.002         0        0      62500    37380     62500    44792 
# T:    1351.18         0        0      62500    34215     62500    43345 
# T:     2463.8         0        0      62500    31299     62500    41798 
# T:     4492.6         0        0      62500    28769     62500    40185 
# T:       8192         0        0      62500    26398 
