# T:          1         0        0      62500    16681     62500    12980 
# T:          2         0        0      62500    16765     62500    17634 
# T:          4         0        0      62500    16553     62500    20213 
# T:          8         0        0      62500    16922     62500    21440 
# T:         16         0        0      62500    16706     62500    21361 
# T:         32         0        0      62500    16684     62500    22243 
# T:         64         0        0      62500    17511     62500    25273 
# T:        128         0        0      62500    22220     62500    32202 
# T:        256         0        0      62500    30302     62500    38138 
# T:        512         0        0      62500    36109     62500    39637 
# T:       1024         0        0      62500    37662     62500    37089 
# T:       2048         0        0      62500    35816     62500    34391 
# T:       4096         0        0      62500    32532     62500    31367 
# T:       8192         0        0      62500    29356     62500    28561 
# T:      16384         0        0      62500    26447     62500    27302 
# T:      32768         0        0      62500    23874 
