# T:          1         0        0      90910    25334     90910    18767 
# T:          3         0        0      90910    25555     90910    19057 
# T:          9         0        0      90910    25298     90910    18089 
# T:         27         0        0      90910    25359     90910    18962 
# T:         81         0        0      90910    25645     90910    20847 
# T:        243         0        0      90910    31518     90910    28628 
# T:        729         0        0      90910    37794     90910    27766 
# T:       2187         0        0      90910    35420     90910    23768 
# T:       6561         0        0      90910    31748     90910    21522 
# T:      19683         0        0      90910    29260     90910    20848 
# T:      59049         0        0      90910    27866 
