#  nT     T_hot    cold_rate  n_pi_eval  gen    n_try    n_acc    tvd_ndim   tvd_orth   tvd_refl   tvd_1d1   tvd_1dall     dmusq      ksd       edfs       sq_avg_q    sq_avg_p      T 
    4 23170.4750          1     4000     1000     1000      373       0.604      0.604 0.01499999  0.5547778     0.4755   0.3339976  0.4059087  0.4010684   0.000196         -1        1  
    4 23170.4750          1     8000     2000     2000      733      0.4125     0.4075 0.03149999  0.4757777  0.3481666   0.1997196  0.4082098  0.4067577    8.1e-05         -1        1  
    4 23170.4750          1    16000     4000     4000     1432       0.312    0.29775 0.03624999  0.3436944  0.2344721  0.09684717  0.2987365  0.2975605   0.000169         -1        1  
    4 23170.4750          1    32000     8000     8000     2848      0.2185    0.21675 0.02649999  0.2205972  0.1738958  0.04287308  0.1778615  0.1771178 0.0001155625         -1        1  
    4 23170.4750          1    64000    16000    16000     5680   0.1524375  0.1524375 0.01381249   0.153993  0.1259896  0.02057411  0.1202876  0.1193655 0.00055225         -1        1  
    4 23170.4750          1   128000    32000    32000    11337   0.0389375 0.02934375 0.01081249 0.09253835 0.06821187  0.0008542713 0.03220721 0.02897274 3.094141e-05         -1        1  
    4 23170.4750          1   256000    64000    64000    22727  0.03404688 0.02851563 0.003625012 0.06643756 0.04983684  0.0008175632  0.0257536 0.02427188 2.197266e-07         -1        1  
    4 23170.4750          1   512000   128000   128000    45596   0.0170625  0.0124375 0.001296863 0.04673706 0.03266057  0.0001653376 0.01344998 0.01235442 4.318604e-06         -1        1  
    4 23170.4750          1  1000000   250000   250000    89226     0.01966   0.018284 0.004207988 0.03364673 0.02522765  0.0001961853 0.01109884  0.0103073 5.25335e-05         -1        1  
