# T:          1         0        0      21740     7635     21740    17843 
# T:       1.25         0        0      21740     7771     21740    18130 
# T:     1.5625         0        0      21740     7674     21740    18362 
# T:    1.95312         0        0      21740     7740     21740    18505 
# T:    2.44141         0        0      21740     7760     21740    18847 
# T:    3.05176         0        0      21740     7890     21740    18890 
# T:     3.8147         0        0      21740     7784     21740    19100 
# T:    4.76837         0        0      21740     7681     21740    19125 
# T:    5.96046         0        0      21740     7657     21740    19200 
# T:    7.45058         0        0      21740     7781     21740    19312 
# T:    9.31323         0        0      21740     7826     21740    19192 
# T:    11.6415         0        0      21740     7788     21740    19233 
# T:    14.5519         0        0      21740     7885     21740    19276 
# T:    18.1899         0        0      21740     7611     21740    19341 
# T:    22.7374         0        0      21740     7639     21740    19369 
# T:    28.4217         0        0      21740     7775     21740    19334 
# T:    35.5271         0        0      21740     7630     21740    19340 
# T:    44.4089         0        0      21740     7947     21740    19292 
# T:    55.5112         0        0      21740     8201     21740    19374 
# T:    69.3889         0        0      21740     8777     21740    19491 
# T:    86.7362         0        0      21740     9460     21740    19501 
# T:     108.42         0        0      21740    10474     21740    19724 
# T:    135.525         0        0      21740    11536     21740    19934 
# T:    169.407         0        0      21740    12573     21740    20137 
# T:    211.758         0        0      21740    13391     21740    20219 
# T:    264.698         0        0      21740    14233     21740    20333 
# T:    330.872         0        0      21740    14959     21740    20487 
# T:     413.59         0        0      21740    15365     21740    20514 
# T:    516.988         0        0      21740    15720     21740    20644 
# T:    646.235         0        0      21740    15810     21740    20685 
# T:    807.794         0        0      21740    15846     21740    20657 
# T:    1009.74         0        0      21740    15785     21740    20590 
# T:    1262.18         0        0      21740    15580     21740    20642 
# T:    1577.72         0        0      21740    15347     21740    20566 
# T:    1972.15         0        0      21740    15137     21740    20488 
# T:    2465.19         0        0      21740    14812     21740    20404 
# T:    3081.49         0        0      21740    14299     21740    20305 
# T:    3851.86         0        0      21740    13830     21740    20277 
# T:    4814.82         0        0      21740    13502     21740    20261 
# T:    6018.53         0        0      21740    13112     21740    20144 
# T:    7523.16         0        0      21740    12762     21740    20101 
# T:    9403.95         0        0      21740    12316     21740    20124 
# T:    11754.9         0        0      21740    11878     21740    19978 
# T:    14693.7         0        0      21740    11606     21740    19923 
# T:    18367.1         0        0      21740    11281     21740    19857 
# T:    22958.9         0        0      21740    10821 
