# T:          1         0        0      90910    32638     90910    45756 
# T:          3         0        0      90910    32268     90910    45341 
# T:          9         0        0      90910    32153     90910    45599 
# T:         27         0        0      90910    32317     90910    45540 
# T:         81         0        0      90910    33356     90910    47419 
# T:        243         0        0      90910    41931     90910    53891 
# T:        729         0        0      90910    47434     90910    54715 
# T:       2187         0        0      90910    43132     90910    51171 
# T:       6561         0        0      90910    38772     90910    48721 
# T:      19683         0        0      90910    35835     90910    47489 
# T:      59049         0        0      90910    34647 
