# T:          1         0        0      62500    22307     62500    29368 
# T:    1.95432         0        0      62500    22216     62500    33768 
# T:    3.81937         0        0      62500    22406     62500    38381 
# T:    7.46426         0        0      62500    22400     62500    40841 
# T:    14.5876         0        0      62500    22065     62500    42108 
# T:    28.5088         0        0      62500    22407     62500    42017 
# T:    55.7152         0        0      62500    23835     62500    43619 
# T:    108.885         0        0      62500    29984     62500    46867 
# T:    212.797         0        0      62500    39002     62500    50748 
# T:    415.873         0        0      62500    44287     62500    52754 
# T:    812.749         0        0      62500    45464     62500    52785 
# T:    1588.37         0        0      62500    44108     62500    51834 
# T:    3104.19         0        0      62500    41035     62500    50213 
# T:    6066.58         0        0      62500    37570     62500    48670 
# T:      11856         0        0      62500    34248     62500    47222 
# T:    23170.5         0        0      62500    31045 
