# /home/tomfy/mcmc_toy/src/mcmc_toy; 2; 2; -0.5; 0.015625; 0.5; 0.5; 0.015625; 0.5; 1000000; 1; 1; 1; gaussian; 0.8121; 0.0262955334253747; 0; 4; 360; 480324; mcmc; 1; 
# n_dimensions: 2 
# n_peaks: 2 
# peak 0; position,sigma,weight: -0.50000  0.01562  0.50000 
# peak 1; position,sigma,weight:  0.50000  0.01562  0.50000 
# target mean, variance:                0   0.250244140625 
# burn-in, mcmc steps: 0 1000000 
# n temperatures: 1 
#  T, rate, Proposal(shape,W1,W2,p1):   1.00000  1.00000      gaussian  0.81210  0.02630  0.00000 
#  n_bins: 4 n_bins_1d: 360 
# seed: 480324  chain_type: mcmc neighbor_swap_only: 1 
    1000  0.4998491  0.5021679  0.0227763       0.75  0.6155667  0.4595161 
    2000  0.4998478  0.5012382 0.02410668       0.75  0.5529839  0.3926583 
    4000   0.499929  0.5006257 0.02594245       0.75   0.518405   0.349275 
    8000  0.5000253  0.5002943  0.0274905       0.75   0.504289  0.3224133 
   16000  0.5000867   0.500116  0.0290332       0.75  0.5003801  0.3042544 
   32000  0.5000455  0.5000677 0.03025136       0.75  0.5000009  0.2914571 
   64000  0.5000495  0.5000385 0.03168258       0.75        0.5  0.2821937 
  128000  0.5000058  0.5000192 0.03271762       0.75        0.5  0.2756357 
  256000  0.4999871  0.5000061   0.034663       0.75        0.5  0.2710875 
  512000  0.4999863  0.5000035   0.035671       0.75        0.5  0.2678774 
 1000000  0.4999925  0.5000023 0.03661832       0.75        0.5  0.2656079 

# /home/tomfy/mcmc_toy/src/mcmc_toy; 2; 2; -0.5; 0.015625; 0.5; 0.5; 0.015625; 0.5; 1000000; 1; 1; 1; gaussian; 0.8121; 0.0371818842634799; 0; 4; 360; 428730; mcmc; 1; 
# n_dimensions: 2 
# n_peaks: 2 
# peak 0; position,sigma,weight: -0.50000  0.01562  0.50000 
# peak 1; position,sigma,weight:  0.50000  0.01562  0.50000 
# target mean, variance:                0   0.250244140625 
# burn-in, mcmc steps: 0 1000000 
# n temperatures: 1 
#  T, rate, Proposal(shape,W1,W2,p1):   1.00000  1.00000      gaussian  0.81210  0.03718  0.00000 
#  n_bins: 4 n_bins_1d: 360 
# seed: 428730  chain_type: mcmc neighbor_swap_only: 1 
    1000  0.5004763  0.5031791 0.02309627       0.75  0.6753511    0.51825 
    2000  0.5001244  0.5013144 0.02471831       0.75  0.5963889  0.4281275 
    4000  0.5000761  0.5005895 0.02632127       0.75  0.5421469  0.3669554 
    8000  0.5000301  0.5003084 0.02738657       0.75  0.5137543  0.3249596 
   16000  0.5000156  0.5001548  0.0288018       0.75  0.5026602   0.297813 
   32000  0.5000133  0.5000776 0.03030426       0.75  0.5002496  0.2796129 
   64000  0.4999987  0.5000456 0.03160845       0.75  0.5000066  0.2664646 
  128000  0.4999986  0.5000199  0.0330315       0.75        0.5  0.2573393 
  256000  0.4999996    0.50001 0.03421818       0.75        0.5  0.2506921 
  512000  0.4999888  0.5000045 0.03536779       0.75        0.5  0.2461614 
 1000000  0.4999961  0.5000021 0.03672285       0.75        0.5  0.2429973 

# /home/tomfy/mcmc_toy/src/mcmc_toy; 2; 2; -0.5; 0.015625; 0.5; 0.5; 0.015625; 0.5; 1000000; 1; 1; 1; gaussian; 0.8121; 0.0525751843485605; 0; 4; 360; 141802; mcmc; 1; 
# n_dimensions: 2 
# n_peaks: 2 
# peak 0; position,sigma,weight: -0.50000  0.01562  0.50000 
# peak 1; position,sigma,weight:  0.50000  0.01562  0.50000 
# target mean, variance:                0   0.250244140625 
# burn-in, mcmc steps: 0 1000000 
# n temperatures: 1 
#  T, rate, Proposal(shape,W1,W2,p1):   1.00000  1.00000      gaussian  0.81210  0.05258  0.00000 
#  n_bins: 4 n_bins_1d: 360 
# seed: 141802  chain_type: mcmc neighbor_swap_only: 1 
    1000  0.5002409  0.5040739  0.0224235       0.75  0.7553922  0.6165189 
    2000  0.5001482  0.5016716 0.02448606       0.75  0.6608228  0.5064944 
    4000  0.5000157  0.5008042 0.02575938       0.75  0.5875914  0.4231925 
    8000  0.5000616  0.5003524 0.02718867       0.75   0.538054  0.3660821 
   16000  0.5000445  0.5001666 0.02875029       0.75  0.5118581  0.3278248 
   32000  0.5000746  0.5000921 0.03006284       0.75  0.5017469  0.3028222 
   64000  0.5000313  0.5000406 0.03141787       0.75  0.5001351  0.2860154 
  128000  0.5000293  0.5000199  0.0326442       0.75  0.5000009  0.2740278 
  256000  0.5000013  0.5000093 0.03385954       0.75        0.5  0.2657038 
  512000  0.4999984  0.5000051 0.03516942       0.75        0.5  0.2597219 
 1000000    0.49999  0.5000024 0.03643344       0.75        0.5  0.2555705 

# /home/tomfy/mcmc_toy/src/mcmc_toy; 2; 2; -0.5; 0.015625; 0.5; 0.5; 0.015625; 0.5; 1000000; 1; 1; 1; gaussian; 0.8121; 0.0743413106688646; 0; 4; 360; 406543; mcmc; 1; 
# n_dimensions: 2 
# n_peaks: 2 
# peak 0; position,sigma,weight: -0.50000  0.01562  0.50000 
# peak 1; position,sigma,weight:  0.50000  0.01562  0.50000 
# target mean, variance:                0   0.250244140625 
# burn-in, mcmc steps: 0 1000000 
# n temperatures: 1 
#  T, rate, Proposal(shape,W1,W2,p1):   1.00000  1.00000      gaussian  0.81210  0.07434  0.00000 
#  n_bins: 4 n_bins_1d: 360 
# seed: 406543  chain_type: mcmc neighbor_swap_only: 1 
    1000   0.499993  0.5094514 0.02113502       0.75  0.8397811    0.72983 
    2000  0.4998999  0.5043513 0.02365487       0.75  0.7502944  0.6152597 
    4000  0.4998178   0.501832 0.02499221       0.75  0.6577767  0.5133025 
    8000   0.499975  0.5007793 0.02679161       0.75  0.5806281   0.432846 
   16000  0.5000751  0.5003376 0.02845358       0.75  0.5344896   0.381833 
   32000  0.5000174  0.5001389  0.0299367       0.75  0.5101723  0.3503421 
   64000  0.4999725  0.5000616 0.03145945       0.75  0.5018306  0.3290112 
  128000  0.4999802  0.5000262 0.03270544       0.75  0.5001358  0.3148242 
  256000  0.4999947  0.5000139 0.03355447       0.75        0.5  0.3043485 
  512000  0.4999931  0.5000062 0.03469379       0.75        0.5  0.2973326 
 1000000  0.4999964  0.5000033 0.03578698       0.75        0.5  0.2923334 

# /home/tomfy/mcmc_toy/src/mcmc_toy; 2; 2; -0.5; 0.015625; 0.5; 0.5; 0.015625; 0.5; 1000000; 1; 1; 1; gaussian; 0.8121; 0.105118613285775; 0; 4; 360; 178869; mcmc; 1; 
# n_dimensions: 2 
# n_peaks: 2 
# peak 0; position,sigma,weight: -0.50000  0.01562  0.50000 
# peak 1; position,sigma,weight:  0.50000  0.01562  0.50000 
# target mean, variance:                0   0.250244140625 
# burn-in, mcmc steps: 0 1000000 
# n temperatures: 1 
#  T, rate, Proposal(shape,W1,W2,p1):   1.00000  1.00000      gaussian  0.81210  0.10512  0.00000 
#  n_bins: 4 n_bins_1d: 360 
# seed: 178869  chain_type: mcmc neighbor_swap_only: 1 
    1000  0.5002533  0.5203989 0.01931808       0.75  0.9016433  0.8229311 
    2000  0.4998818  0.5095004  0.0211148       0.75  0.8327328  0.7185175 
    4000  0.4999898  0.5039005 0.02350803       0.75  0.7432994  0.6015904 
    8000  0.5000122  0.5014504 0.02528525       0.75   0.653146  0.4962487 
   16000   0.499969  0.5006758 0.02657177       0.75  0.5793203  0.4148537 
   32000  0.4999974  0.5002861 0.02850619       0.75  0.5331783  0.3594091 
   64000  0.4999397  0.5001431 0.02983722       0.75  0.5094636  0.3238494 
  128000  0.4999653  0.5000598 0.03151078       0.75  0.5015285  0.3003396 
  256000  0.4999788  0.5000276 0.03287076       0.75  0.5001025  0.2844295 
  512000  0.4999949  0.5000123 0.03421156       0.75  0.5000001  0.2729575 
 1000000  0.4999982  0.5000058 0.03526764       0.75        0.5  0.2650698 

# /home/tomfy/mcmc_toy/src/mcmc_toy; 2; 2; -0.5; 0.015625; 0.5; 0.5; 0.015625; 0.5; 1000000; 1; 1; 1; gaussian; 0.8121; 0.148637719186085; 0; 4; 360; 304677; mcmc; 1; 
# n_dimensions: 2 
# n_peaks: 2 
# peak 0; position,sigma,weight: -0.50000  0.01562  0.50000 
# peak 1; position,sigma,weight:  0.50000  0.01562  0.50000 
# target mean, variance:                0   0.250244140625 
# burn-in, mcmc steps: 0 1000000 
# n temperatures: 1 
#  T, rate, Proposal(shape,W1,W2,p1):   1.00000  1.00000      gaussian  0.81210  0.14864  0.00000 
#  n_bins: 4 n_bins_1d: 360 
# seed: 304677  chain_type: mcmc neighbor_swap_only: 1 
    1000  0.4997174  0.5356323 0.01755616       0.75     0.9422  0.8927633 
    2000   0.499659   0.518868 0.01989087       0.75  0.8981122  0.8214464 
    4000  0.5000328  0.5087108 0.02208927       0.75  0.8286572  0.7228049 
    8000  0.4999942  0.5035461 0.02385118       0.75  0.7398803  0.6147083 
   16000  0.4999321  0.5013559 0.02547244       0.75  0.6497869  0.5189578 
   32000  0.4999232  0.5005564 0.02711288       0.75  0.5764101  0.4461965 
   64000  0.4999427   0.500285 0.02857846       0.75  0.5313111  0.4004624 
  128000  0.4999883  0.5001408 0.02983966       0.75   0.509033  0.3723124 
  256000  0.5000441  0.5000562 0.03145587       0.75  0.5014809  0.3549955 
  512000  0.5000228  0.5000252  0.0328032       0.75  0.5000714  0.3434943 
 1000000  0.4999843  0.5000133 0.03429965       0.75        0.5  0.3354252 

# /home/tomfy/mcmc_toy/src/mcmc_toy; 2; 2; -0.5; 0.015625; 0.5; 0.5; 0.015625; 0.5; 1000000; 1; 1; 1; gaussian; 0.8121; 0.210173734929124; 0; 4; 360; 392973; mcmc; 1; 
# n_dimensions: 2 
# n_peaks: 2 
# peak 0; position,sigma,weight: -0.50000  0.01562  0.50000 
# peak 1; position,sigma,weight:  0.50000  0.01562  0.50000 
# target mean, variance:                0   0.250244140625 
# burn-in, mcmc steps: 0 1000000 
# n temperatures: 1 
#  T, rate, Proposal(shape,W1,W2,p1):   1.00000  1.00000      gaussian  0.81210  0.21017  0.00000 
#  n_bins: 4 n_bins_1d: 360 
# seed: 392973  chain_type: mcmc neighbor_swap_only: 1 
    1000  0.4995626  0.5723673 0.01462301       0.75  0.9700544  0.9423711 
    2000  0.4990413  0.5352986 0.01639021       0.75  0.9444617  0.8963242 
    4000  0.4997465  0.5161357 0.01906099       0.75  0.8994753  0.8204193 
    8000  0.5003264  0.5068916 0.02232337       0.75  0.8302176  0.7162799 
   16000  0.5003256   0.503497 0.02451526       0.75  0.7420825   0.599808 
   32000  0.4963983  0.4975024 0.02709484  0.7457725  0.6506633  0.4951477 
   64000  0.4929683  0.4976117 0.02963703  0.7418469  0.5767224  0.4129969 
  128000  0.4919354  0.4987481 0.03281135  0.7409291  0.5312467  0.3589634 
  256000  0.4884581  0.4943543 0.04395408  0.7370861  0.5050993  0.3267709 
  512000  0.4717692  0.4764293 0.04549523  0.7183177  0.4815408  0.3023885 
 1000000  0.4453251  0.4637368  0.0622463  0.6913851  0.4659497  0.2724328 

# /home/tomfy/mcmc_toy/src/mcmc_toy; 2; 2; -0.5; 0.015625; 0.5; 0.5; 0.015625; 0.5; 1000000; 1; 1; 1; gaussian; 0.8121; 0.297185661189782; 0; 4; 360; 368834; mcmc; 1; 
# n_dimensions: 2 
# n_peaks: 2 
# peak 0; position,sigma,weight: -0.50000  0.01562  0.50000 
# peak 1; position,sigma,weight:  0.50000  0.01562  0.50000 
# target mean, variance:                0   0.250244140625 
# burn-in, mcmc steps: 0 1000000 
# n temperatures: 1 
#  T, rate, Proposal(shape,W1,W2,p1):   1.00000  1.00000      gaussian  0.81210  0.29719  0.00000 
#  n_bins: 4 n_bins_1d: 360 
# seed: 368834  chain_type: mcmc neighbor_swap_only: 1 
    1000  0.4921112  0.5931067 0.02046129    0.74159  0.9818167  0.9645222 
    2000  0.4856595  0.5577021 0.02326672   0.734315  0.9689122  0.9398525 
    4000  0.4717387  0.5171549 0.04569467  0.7178775  0.9421703  0.8910542 
    8000  0.4511225  0.4769155 0.04900417    0.69612  0.8954857  0.8139435 
   16000  0.4260231  0.4512786 0.07784518  0.6675244  0.8233699  0.7075989 
   32000   0.370407  0.4051336  0.1187889  0.6065559  0.7237314  0.5869835 
   64000  0.2584819  0.3189107  0.1841792  0.4860909  0.5953897  0.4583077 
  128000  0.1740421  0.2566896  0.2186192  0.3880039  0.4681612  0.3425615 
  256000 0.09759363  0.1904967  0.1812836  0.2806253  0.3470057  0.2470527 
  512000 0.05527418  0.1365103    0.13365  0.2099469  0.2515286  0.1814729 
 1000000 0.02479734 0.08507605 0.08252082  0.1408016  0.1752942  0.1246272 

# /home/tomfy/mcmc_toy/src/mcmc_toy; 2; 2; -0.5; 0.015625; 0.5; 0.5; 0.015625; 0.5; 1000000; 1; 1; 1; gaussian; 0.8121; 0.420220524922352; 0; 4; 360; 889100; mcmc; 1; 
# n_dimensions: 2 
# n_peaks: 2 
# peak 0; position,sigma,weight: -0.50000  0.01562  0.50000 
# peak 1; position,sigma,weight:  0.50000  0.01562  0.50000 
# target mean, variance:                0   0.250244140625 
# burn-in, mcmc steps: 0 1000000 
# n temperatures: 1 
#  T, rate, Proposal(shape,W1,W2,p1):   1.00000  1.00000      gaussian  0.81210  0.42022  0.00000 
#  n_bins: 4 n_bins_1d: 360 
# seed: 889100  chain_type: mcmc neighbor_swap_only: 1 
    1000  0.4430119  0.6236839 0.05080202    0.68343  0.9887433  0.9778206 
    2000  0.4210974  0.5776712 0.05626971   0.658905  0.9812417  0.9633461 
    4000  0.3263397  0.4739316  0.1275038  0.5691175  0.9651117  0.9330314 
    8000  0.2140027  0.3580247  0.1593154  0.4399275  0.9355142   0.879929 
   16000  0.1430053  0.2948962  0.1857045  0.3503481  0.8842679  0.7959877 
   32000 0.08162359  0.2070631  0.1653477  0.2569297  0.7980101  0.6749616 
   64000 0.04447439  0.1457709  0.1141397  0.1906533  0.6744929  0.5324505 
  128000 0.01970525 0.09714344 0.07451629  0.1261915  0.5273245  0.3934848 
  256000 0.01030608 0.07132779  0.0544519  0.0921189  0.3931556  0.2852437 
  512000 0.006141268 0.05563017 0.04456264 0.06797436  0.2849096  0.2046767 
 1000000 0.002843913 0.03793729 0.03004091 0.04710909  0.2059462  0.1477983 

# /home/tomfy/mcmc_toy/src/mcmc_toy; 2; 2; -0.5; 0.015625; 0.5; 0.5; 0.015625; 0.5; 1000000; 1; 1; 1; gaussian; 0.8121; 0.594191822240205; 0; 4; 360; 441320; mcmc; 1; 
# n_dimensions: 2 
# n_peaks: 2 
# peak 0; position,sigma,weight: -0.50000  0.01562  0.50000 
# peak 1; position,sigma,weight:  0.50000  0.01562  0.50000 
# target mean, variance:                0   0.250244140625 
# burn-in, mcmc steps: 0 1000000 
# n temperatures: 1 
#  T, rate, Proposal(shape,W1,W2,p1):   1.00000  1.00000      gaussian  0.81210  0.59419  0.00000 
#  n_bins: 4 n_bins_1d: 360 
# seed: 441320  chain_type: mcmc neighbor_swap_only: 1 
    1000  0.3549349  0.6140998 0.08561145      0.602  0.9911922  0.9825344 
    2000  0.2977257  0.5308832  0.1337048    0.54015  0.9853444  0.9713608 
    4000   0.205607  0.4318595  0.1666104  0.4432225  0.9747414  0.9510731 
    8000  0.1205436  0.3136549  0.1653882  0.3274162  0.9530435  0.9110574 
   16000 0.06367752   0.229563  0.1373789  0.2373138  0.9131398  0.8427438 
   32000 0.03529352  0.1752283  0.1070786  0.1752303  0.8436083   0.738109 
   64000 0.01994188  0.1235869 0.07045088  0.1285391   0.735711  0.6010375 
  128000 0.01045675 0.09300495 0.05926405 0.09286789  0.5993972   0.460259 
  256000 0.005621837 0.06795564 0.04272347 0.06968871  0.4597945   0.340801 
  512000 0.002381188  0.0472173 0.02922629 0.04565949   0.337173   0.244466 
 1000000 0.001217221 0.03262205 0.01945731 0.03249363  0.2456862  0.1768378 

# /home/tomfy/mcmc_toy/src/mcmc_toy; 2; 2; -0.5; 0.015625; 0.5; 0.5; 0.015625; 0.5; 1000000; 1; 1; 1; gaussian; 0.8121; 0.84018723664765; 0; 4; 360; 856561; mcmc; 1; 
# n_dimensions: 2 
# n_peaks: 2 
# peak 0; position,sigma,weight: -0.50000  0.01562  0.50000 
# peak 1; position,sigma,weight:  0.50000  0.01562  0.50000 
# target mean, variance:                0   0.250244140625 
# burn-in, mcmc steps: 0 1000000 
# n temperatures: 1 
#  T, rate, Proposal(shape,W1,W2,p1):   1.00000  1.00000      gaussian  0.81210  0.84019  0.00000 
#  n_bins: 4 n_bins_1d: 360 
# seed: 856561  chain_type: mcmc neighbor_swap_only: 1 
    1000  0.3552158  0.6053829 0.09398892    0.61814  0.9933311  0.9868289 
    2000  0.2789412  0.5409103  0.1559578   0.535325  0.9889828  0.9783094 
    4000  0.1922864  0.4507424  0.1668996     0.4301  0.9809742  0.9629583 
    8000  0.1238857  0.3607821  0.2059174   0.332255  0.9642769  0.9315665 
   16000 0.06626607  0.2691045  0.1474454  0.2348437  0.9344056  0.8789199 
   32000 0.03787071  0.1985164   0.116856  0.1766397  0.8808624  0.7922783 
   64000 0.02017456  0.1450338  0.0886172  0.1278466  0.7924175  0.6665482 
  128000 0.009719619  0.1034511 0.06098104  0.0869982  0.6677903  0.5226284 
  256000 0.004332719 0.07129997 0.04056382 0.06052711  0.5265704  0.3937528 
  512000 0.002284736 0.05082321 0.02650157 0.04443057  0.3926724  0.2838536 
 1000000 0.001186929 0.03630105 0.01892313 0.03160964  0.2876635  0.2070127 

# /home/tomfy/mcmc_toy/src/mcmc_toy; 2; 2; -0.5; 0.015625; 0.5; 0.5; 0.015625; 0.5; 1000000; 1; 1; 1; gaussian; 0.8121; 1.18802475261978; 0; 4; 360; 205060; mcmc; 1; 
# n_dimensions: 2 
# n_peaks: 2 
# peak 0; position,sigma,weight: -0.50000  0.01562  0.50000 
# peak 1; position,sigma,weight:  0.50000  0.01562  0.50000 
# target mean, variance:                0   0.250244140625 
# burn-in, mcmc steps: 0 1000000 
# n temperatures: 1 
#  T, rate, Proposal(shape,W1,W2,p1):   1.00000  1.00000      gaussian  0.81210  1.18802  0.00000 
#  n_bins: 4 n_bins_1d: 360 
# seed: 205060  chain_type: mcmc neighbor_swap_only: 1 
    1000  0.4024199   0.653046 0.08465061    0.65764  0.9945833  0.9892278 
    2000  0.3190388  0.5864387  0.1215205    0.57009  0.9920583  0.9842561 
    4000  0.2252374  0.4841824  0.1770711  0.4671975  0.9862108   0.972891 
    8000   0.147343  0.3893258  0.1824488  0.3737438  0.9761125  0.9532828 
   16000 0.09094318  0.3064807  0.1685499  0.2947712  0.9569808  0.9179489 
   32000 0.04760922  0.2337753  0.1374136  0.2059872  0.9189066  0.8519946 
   64000 0.02480592  0.1722652 0.09960561  0.1451678  0.8531846  0.7483539 
  128000 0.01117722  0.1188797 0.06552593 0.09649758  0.7502077  0.6147846 
  256000 0.004844714 0.08346616 0.03998387 0.06705418  0.6145876  0.4719004 
  512000 0.002663156  0.0623514 0.02954925 0.04806022  0.4737941  0.3483988 
 1000000 0.001386176 0.04407594  0.0221073  0.0342295  0.3526294  0.2547744 

# /home/tomfy/mcmc_toy/src/mcmc_toy; 2; 2; -0.5; 0.015625; 0.5; 0.5; 0.015625; 0.5; 1000000; 1; 1; 1; gaussian; 0.8121; 1.67986700020436; 0; 4; 360; 681446; mcmc; 1; 
# n_dimensions: 2 
# n_peaks: 2 
# peak 0; position,sigma,weight: -0.50000  0.01562  0.50000 
# peak 1; position,sigma,weight:  0.50000  0.01562  0.50000 
# target mean, variance:                0   0.250244140625 
# burn-in, mcmc steps: 0 1000000 
# n temperatures: 1 
#  T, rate, Proposal(shape,W1,W2,p1):   1.00000  1.00000      gaussian  0.81210  1.67987  0.00000 
#  n_bins: 4 n_bins_1d: 360 
# seed: 681446  chain_type: mcmc neighbor_swap_only: 1 
    1000  0.3858474  0.6637483 0.06068147    0.65391  0.9953055  0.9906367 
    2000   0.321795   0.602506  0.1045575     0.5886  0.9933183  0.9868039 
    4000  0.2643453  0.5539983  0.1347459  0.5293725  0.9906597  0.9815194 
    8000  0.2033758  0.4845701  0.1858008  0.4568525   0.985116  0.9707596 
   16000  0.1291033  0.3802905  0.2090047  0.3481044   0.973182  0.9483974 
   32000 0.06162518  0.2857234   0.158005  0.2388209  0.9508235  0.9081013 
   64000 0.03493383  0.2055128  0.1092936  0.1767598  0.9089698  0.8362539 
  128000 0.01721612  0.1447501 0.07033429  0.1265026   0.835801  0.7259032 
  256000  0.0081042  0.1020154 0.05030126 0.08442496  0.7251432  0.5845941 
  512000 0.003290837    0.07044 0.03284833 0.06057951  0.5868387  0.4443114 
 1000000 0.002222397 0.05357862 0.02767717 0.04697506  0.4510945  0.3301027 

# /home/tomfy/mcmc_toy/src/mcmc_toy; 2; 2; -0.5; 0.015625; 0.5; 0.5; 0.015625; 0.5; 1000000; 1; 1; 1; gaussian; 0.8121; 2.37533193828897; 0; 4; 360; 460457; mcmc; 1; 
# n_dimensions: 2 
# n_peaks: 2 
# peak 0; position,sigma,weight: -0.50000  0.01562  0.50000 
# peak 1; position,sigma,weight:  0.50000  0.01562  0.50000 
# target mean, variance:                0   0.250244140625 
# burn-in, mcmc steps: 0 1000000 
# n temperatures: 1 
#  T, rate, Proposal(shape,W1,W2,p1):   1.00000  1.00000      gaussian  0.81210  2.37533  0.00000 
#  n_bins: 4 n_bins_1d: 360 
# seed: 460457  chain_type: mcmc neighbor_swap_only: 1 
    1000   0.447099  0.7284932 0.05247669     0.7032    0.99625  0.9925689 
    2000  0.4051822  0.6855932  0.1027005   0.664135  0.9951189  0.9903133 
    4000  0.3455284  0.6227894 0.09515526  0.6110025  0.9935383  0.9873079 
    8000  0.2646352  0.5687799  0.1833411  0.5299925  0.9902346  0.9809598 
   16000  0.1846798   0.469767  0.2240145  0.4306625  0.9829035  0.9668924 
   32000  0.1088863   0.359377  0.1837706  0.3320163  0.9703342  0.9437695 
   64000 0.06136069  0.2692481  0.1505136  0.2369762    0.94586  0.8989655 
  128000 0.03085644  0.1907488   0.100819  0.1717903  0.8973477  0.8176628 
  256000 0.01205094  0.1375186 0.05969128   0.106632  0.8174734  0.7004325 
  512000 0.007667326  0.1020838  0.0483205 0.08435373  0.7043542  0.5634669 
 1000000 0.003683792 0.07311927 0.03563444  0.0579007  0.5710533  0.4338321 

# /home/tomfy/mcmc_toy/src/mcmc_toy; 2; 2; -0.5; 0.015625; 0.5; 0.5; 0.015625; 0.5; 1000000; 1; 1; 1; gaussian; 0.8121; 3.3587193607406; 0; 4; 360; 467185; mcmc; 1; 
# n_dimensions: 2 
# n_peaks: 2 
# peak 0; position,sigma,weight: -0.50000  0.01562  0.50000 
# peak 1; position,sigma,weight:  0.50000  0.01562  0.50000 
# target mean, variance:                0   0.250244140625 
# burn-in, mcmc steps: 0 1000000 
# n temperatures: 1 
#  T, rate, Proposal(shape,W1,W2,p1):   1.00000  1.00000      gaussian  0.81210  3.35872  0.00000 
#  n_bins: 4 n_bins_1d: 360 
# seed: 467185  chain_type: mcmc neighbor_swap_only: 1 
    1000  0.4788636  0.7264164 0.01234791    0.73037  0.9968333    0.99375 
    2000   0.451391  0.6991064 0.04254551   0.704835  0.9962222  0.9925278 
    4000  0.3961977  0.6513214 0.07677629  0.6540825  0.9951667   0.990445 
    8000  0.3498591  0.6149556 0.08925962  0.6086788  0.9937818   0.987719 
   16000  0.2918176  0.5514955   0.175532  0.5434644  0.9898326  0.9799254 
   32000   0.182453  0.4397943  0.1878139  0.4287012  0.9830092  0.9665222 
   64000  0.1004994   0.342787  0.1763835  0.3240042  0.9696332  0.9411996 
  128000 0.05184442  0.2442283  0.1196613  0.2227273  0.9425584  0.8927828 
  256000 0.02754107  0.1820303 0.09214945  0.1555467  0.8931048  0.8105904 
  512000 0.01338313  0.1329382 0.06324887  0.1064511  0.8140883  0.6950242 
 1000000 0.006819463 0.09904078 0.04601873 0.07763688  0.7024252  0.5632685 

# /home/tomfy/mcmc_toy/src/mcmc_toy; 2; 2; -0.5; 0.015625; 0.5; 0.5; 0.015625; 0.5; 1000000; 1; 1; 1; gaussian; 0.8121; 4.74922917608721; 0; 4; 360; 176087; mcmc; 1; 
# n_dimensions: 2 
# n_peaks: 2 
# peak 0; position,sigma,weight: -0.50000  0.01562  0.50000 
# peak 1; position,sigma,weight:  0.50000  0.01562  0.50000 
# target mean, variance:                0   0.250244140625 
# burn-in, mcmc steps: 0 1000000 
# n temperatures: 1 
#  T, rate, Proposal(shape,W1,W2,p1):   1.00000  1.00000      gaussian  0.81210  4.74923  0.00000 
#  n_bins: 4 n_bins_1d: 360 
# seed: 176087  chain_type: mcmc neighbor_swap_only: 1 
    1000  0.4928391   0.753853 0.008839467    0.74224  0.9970555  0.9941111 
    2000  0.4793985  0.7444912 0.01960823    0.73054  0.9968611  0.9937222 
    4000  0.4543426  0.7209115 0.04826411    0.70976  0.9962778  0.9925555 
    8000  0.4057942  0.6737912 0.06995351  0.6644262  0.9950698  0.9902087 
   16000  0.3330588  0.6205563  0.1157196  0.5841137  0.9930159  0.9860992 
   32000  0.2525865  0.5465979  0.1607041  0.4931306  0.9888161  0.9780642 
   64000  0.1499337  0.4407179   0.202026  0.3847819  0.9799315  0.9609836 
  128000 0.08929393   0.327105  0.1719806  0.2900218  0.9650081  0.9330172 
  256000 0.04887898  0.2537152  0.1284795  0.2156064  0.9385943  0.8855699 
  512000 0.02488093  0.1834336 0.09072666  0.1440384  0.8895243  0.8045564 
 1000000 0.01313198  0.1390164 0.06716809  0.1064948  0.8134799  0.6942034 

# /home/tomfy/mcmc_toy/src/mcmc_toy; 2; 2; -0.5; 0.015625; 0.5; 0.5; 0.015625; 0.5; 1000000; 1; 1; 1; gaussian; 0.8121; 6.71541005498732; 0; 4; 360; 564061; mcmc; 1; 
# n_dimensions: 2 
# n_peaks: 2 
# peak 0; position,sigma,weight: -0.50000  0.01562  0.50000 
# peak 1; position,sigma,weight:  0.50000  0.01562  0.50000 
# target mean, variance:                0   0.250244140625 
# burn-in, mcmc steps: 0 1000000 
# n temperatures: 1 
#  T, rate, Proposal(shape,W1,W2,p1):   1.00000  1.00000      gaussian  0.81210  6.71541  0.00000 
#  n_bins: 4 n_bins_1d: 360 
# seed: 564061  chain_type: mcmc neighbor_swap_only: 1 
    1000  0.4907402  0.7194868 0.01540478    0.74211  0.9970833  0.9941667 
    2000  0.4802323  0.7116739 0.01611789   0.734215      0.997      0.994 
    4000  0.4580482  0.6999044 0.03240276  0.7199725  0.9966666  0.9933642 
    8000  0.4342849  0.6881112 0.05899734  0.7031463  0.9961944    0.99246 
   16000  0.4162758  0.6799746 0.08204037    0.68407   0.995553  0.9912474 
   32000  0.3336918  0.5955018  0.1347747   0.602465  0.9932475  0.9867033 
   64000  0.2525069  0.5299752  0.1728235  0.5175145  0.9893704  0.9789636 
  128000  0.1613666  0.4199652  0.1734537  0.3971774  0.9818184   0.964431 
  256000 0.08099276   0.320984   0.153098  0.2828473  0.9673938  0.9372289 
  512000  0.0437715  0.2341762  0.1154065   0.204299  0.9394155  0.8869035 
 1000000 0.02489435  0.1863616 0.08894706  0.1572685  0.8928666  0.8094715 

# /home/tomfy/mcmc_toy/src/mcmc_toy; 2; 2; -0.5; 0.015625; 0.5; 0.5; 0.015625; 0.5; 1000000; 1; 1; 1; gaussian; 0.8121; 9.49558981775207; 0; 4; 360; 94287; mcmc; 1; 
# n_dimensions: 2 
# n_peaks: 2 
# peak 0; position,sigma,weight: -0.50000  0.01562  0.50000 
# peak 1; position,sigma,weight:  0.50000  0.01562  0.50000 
# target mean, variance:                0   0.250244140625 
# burn-in, mcmc steps: 0 1000000 
# n temperatures: 1 
#  T, rate, Proposal(shape,W1,W2,p1):   1.00000  1.00000      gaussian  0.81210  9.49559  0.00000 
#  n_bins: 4 n_bins_1d: 360 
# seed: 94287  chain_type: mcmc neighbor_swap_only: 1 
    1000  0.4970391  0.7616664 0.0002385948    0.74288  0.9971111  0.9942222 
    2000  0.4903557  0.7547704 0.003284877    0.73574  0.9970278  0.9940555 
    4000  0.4787771  0.7439172 0.02381022  0.7288975  0.9967778  0.9935555 
    8000  0.4720446  0.7365626  0.0320328  0.7239562  0.9966111  0.9932222 
   16000  0.4455093  0.7179445 0.04448578  0.6995075  0.9961944  0.9924167 
   32000  0.4009197  0.6904987 0.07421517  0.6635047  0.9951495  0.9903717 
   64000  0.3449353  0.6293494  0.1210256  0.5966952  0.9931908  0.9865418 
  128000  0.2570562  0.5355407  0.1399087  0.5010177  0.9893173  0.9789304 
  256000   0.168841   0.433104  0.1928804  0.3918745  0.9818885  0.9647808 
  512000 0.08375984  0.3273083  0.1536289   0.282444  0.9674877  0.9377037 
 1000000 0.04715096  0.2447098  0.1236539  0.2157472  0.9396781  0.8884329 

# /home/tomfy/mcmc_toy/src/mcmc_toy; 2; 2; -0.5; 0.015625; 0.5; 0.5; 0.015625; 0.5; 1000000; 1; 1; 1; gaussian; 0.8121; 13.4267640023014; 0; 4; 360; 514233; mcmc; 1; 
# n_dimensions: 2 
# n_peaks: 2 
# peak 0; position,sigma,weight: -0.50000  0.01562  0.50000 
# peak 1; position,sigma,weight:  0.50000  0.01562  0.50000 
# target mean, variance:                0   0.250244140625 
# burn-in, mcmc steps: 0 1000000 
# n temperatures: 1 
#  T, rate, Proposal(shape,W1,W2,p1):   1.00000  1.00000      gaussian  0.81210 13.42676  0.00000 
#  n_bins: 4 n_bins_1d: 360 
# seed: 514233  chain_type: mcmc neighbor_swap_only: 1 
    1000  0.5007449  0.7727643 0.003215731    0.74774  0.9971666  0.9943611 
    2000  0.4974879  0.7696171 0.007189353    0.74634  0.9971389  0.9943055 
    4000  0.4963624  0.7681601 0.004849224   0.745565  0.9971389  0.9943055 
    8000  0.4969601   0.768385 0.01010188    0.74556  0.9970555  0.9941389 
   16000   0.480804  0.7531318 0.02854058  0.7312969    0.99675  0.9935278 
   32000  0.4399696  0.7146366 0.04599486  0.6976181  0.9962222     0.9925 
   64000  0.3983545  0.6896115 0.08112067  0.6485344  0.9952222     0.9905 
  128000  0.3486675  0.6372903  0.1203155  0.6052057  0.9937884  0.9876643 
  256000  0.2811674  0.5569287  0.1665157   0.531697  0.9905374  0.9814535 
  512000  0.1765155  0.4554155  0.2041281  0.4213806  0.9832202  0.9671252 
 1000000 0.09548603  0.3452408  0.1731973  0.3175939  0.9691002  0.9403397 

# /home/tomfy/mcmc_toy/src/mcmc_toy; 2; 2; -0.5; 0.015625; 0.5; 0.5; 0.015625; 0.5; 1000000; 1; 1; 1; gaussian; 0.8121; 18.9854442992542; 0; 4; 360; 493936; mcmc; 1; 
# n_dimensions: 2 
# n_peaks: 2 
# peak 0; position,sigma,weight: -0.50000  0.01562  0.50000 
# peak 1; position,sigma,weight:  0.50000  0.01562  0.50000 
# target mean, variance:                0   0.250244140625 
# burn-in, mcmc steps: 0 1000000 
# n temperatures: 1 
#  T, rate, Proposal(shape,W1,W2,p1):   1.00000  1.00000      gaussian  0.81210 18.98544  0.00000 
#  n_bins: 4 n_bins_1d: 360 
# seed: 493936  chain_type: mcmc neighbor_swap_only: 1 
    1000  0.5021639  0.7575568          0       0.75  0.9972222  0.9944444 
    2000  0.5021639  0.7575568          0       0.75  0.9972222  0.9944444 
    4000  0.5021639  0.7575568          0       0.75  0.9972222  0.9944444 
    8000  0.4999926  0.7540018 0.0002998226     0.7475  0.9971666  0.9943333 
   16000  0.4975849  0.7546801 0.009228909  0.7446837  0.9971111    0.99425 
   32000  0.4751849   0.736778 0.02025603  0.7222931  0.9966666  0.9933611 
   64000   0.453888  0.7197046 0.03689012  0.7036647  0.9961129  0.9922796 
  128000  0.4024855  0.6740065 0.06074227   0.663952  0.9951111  0.9903056 
  256000  0.3282909  0.6222699  0.1330153  0.5923256  0.9929671   0.986084 
  512000  0.2058742     0.5155  0.1958741  0.4824462   0.989109  0.9784453 
 1000000  0.1396584  0.4336345  0.1860429  0.3758746  0.9816066  0.9640074 

# /home/tomfy/mcmc_toy/src/mcmc_toy; 2; 2; -0.5; 0.015625; 0.5; 0.5; 0.015625; 0.5; 1000000; 1; 1; 1; gaussian; 0.8121; 26.8454182391455; 0; 4; 360; 905669; mcmc; 1; 
# n_dimensions: 2 
# n_peaks: 2 
# peak 0; position,sigma,weight: -0.50000  0.01562  0.50000 
# peak 1; position,sigma,weight:  0.50000  0.01562  0.50000 
# target mean, variance:                0   0.250244140625 
# burn-in, mcmc steps: 0 1000000 
# n temperatures: 1 
#  T, rate, Proposal(shape,W1,W2,p1):   1.00000  1.00000      gaussian  0.81210 26.84542  0.00000 
#  n_bins: 4 n_bins_1d: 360 
# seed: 905669  chain_type: mcmc neighbor_swap_only: 1 
    1000  0.5016843  0.7663271          0       0.75  0.9972222     0.9945 
    2000  0.5016843  0.7663271          0       0.75  0.9972222     0.9945 
    4000  0.5016843  0.7663271          0       0.75  0.9972222     0.9945 
    8000    0.49961  0.7623996 0.002851771     0.7475  0.9971666  0.9943889 
   16000  0.4992343  0.7590187 0.000920169     0.7475  0.9971666  0.9943889 
   32000  0.4863115   0.753237 0.008781215  0.7407275  0.9970833  0.9942222 
   64000  0.4799741  0.7432941 0.01911236  0.7339706  0.9969166  0.9938889 
  128000  0.4429015  0.7161883  0.0418894  0.7027505  0.9963333  0.9927222 
  256000  0.3767055  0.6515364 0.06852188  0.6506534  0.9951389  0.9903611 
  512000  0.3235971  0.5959172    0.12197  0.5909865  0.9930833  0.9864167 
 1000000  0.2304722  0.5126408  0.1737097  0.4846357  0.9889649  0.9782842 

