# T:          1         0        0     312500    84870    312500   182112 
# T:     1.2687         0        0     312500    85261    312500   187992 
# T:     1.6096         0        0     312500    85722    312500   196547 
# T:     2.0421         0        0     312500    85316    312500   205323 
# T:    2.59081         0        0     312500    84968    312500   212539 
# T:    3.28695         0        0     312500    85451    312500   219753 
# T:    4.17016         0        0     312500    84877    312500   225234 
# T:    5.29067         0        0     312500    85038    312500   228889 
# T:    6.71227         0        0     312500    85462    312500   232242 
# T:    8.51586         0        0     312500    85123    312500   234280 
# T:    10.8041         0        0     312500    85976    312500   236056 
# T:    13.7071         0        0     312500    87748    312500   238936 
# T:    17.3902         0        0     312500    90930    312500   241900 
# T:    22.0629         0        0     312500    98073    312500   246403 
# T:    27.9912         0        0     312500   107740    312500   252487 
# T:    35.5125         0        0     312500   119918    312500   258308 
# T:    45.0546         0        0     312500   134051    312500   263492 
# T:    57.1608         0        0     312500   147966    312500   268634 
# T:    72.5198         0        0     312500   161935    312500   271783 
# T:    92.0059         0        0     312500   172589    312500   273502 
# T:    116.728         0        0     312500   182089    312500   274850 
# T:    148.092         0        0     312500   188163    312500   274340 
# T:    187.885         0        0     312500   190708    312500   273902 
# T:    238.369         0        0     312500   191829    312500   272666 
# T:    302.419         0        0     312500   190388    312500   271026 
# T:    383.679         0        0     312500   186798    312500   269141 
# T:    486.773         0        0     312500   182057    312500   266987 
# T:    617.569         0        0     312500   177035    312500   264834 
# T:    783.509         0        0     312500   171511    312500   263030 
# T:    994.037         0        0     312500   166205    312500   261189 
# T:    1261.13         0        0     312500   160042    312500   259685 
# T:       1600         0        0     312500   154356 
