#  nT     T_hot    cold_rate  n_pi_eval  gen    n_try    n_acc    tvd_ndim   tvd_orth   tvd_refl   tvd_1d1   tvd_1dall     dmusq      ksd       edfs       sq_avg_q    sq_avg_p      T 
   32 1600.0000          1    32000     1000     1000      275   0.9765015   0.505125   0.505125  0.4867779  0.2648255   0.5942869 0.09174741 0.03475588   0.000484         -1        1  
   32 1600.0000          1    64000     2000     2000      520   0.9536133    0.38025    0.38025  0.3592779  0.2193254   0.5434805  0.1173693  0.1942045     0.0036         -1        1  
   32 1600.0000          1   128000     4000     4000     1105   0.9172363  0.3515625  0.3515625  0.2773056  0.1941389    0.574914  0.1698693  0.2834454   0.001764         -1        1  
   32 1600.0000          1   256000     8000     8000     2131   0.8709717  0.3475625  0.3475625  0.2552501  0.2041012   0.5066832  0.1962639  0.2967491 0.0002640625         -1        1  
   32 1600.0000          1   512000    16000    16000     4282   0.8083496    0.33775    0.33775  0.2222084   0.204261   0.4723222  0.1906046  0.2939254 3.90625e-07         -1        1  
   32 1600.0000          1  1024000    32000    32000     8632   0.7424092  0.3223437  0.3223437  0.2208785  0.1905982   0.4407114  0.2102288  0.2908151 1.359766e-05         -1        1  
   32 1600.0000          1  2048000    64000    64000    17279    0.695231  0.3068281  0.3068281   0.217408  0.1734732   0.4277501  0.2148538  0.3102504 1.996973e-05         -1        1  
   32 1600.0000          1  4096000   128000   128000    34573   0.5967822  0.2512109  0.2512109   0.165125   0.107298   0.2747488  0.1644554  0.2593844 6.646729e-06         -1        1  
   32 1600.0000          1  8192000   256000   256000    69606   0.4394209     0.2005     0.2005  0.1249145 0.07645982   0.1684968  0.1142483   0.151124 9.863525e-06         -1        1  
   32 1600.0000          1 10000000   312500   312500    84870   0.4172437  0.1853955  0.1853955  0.1058817 0.06493349   0.1393185 0.06113904 0.09586944 8.89471e-06         -1        1  
