# T:          1         0        0      62500    22468     62500    45445 
# T:     1.7411         0        0      62500    22468     62500    45565 
# T:    3.03143         0        0      62500    22595     62500    45500 
# T:    5.27803         0        0      62500    22418     62500    45523 
# T:    9.18959         0        0      62500    23068     62500    46022 
# T:         16         0        0      62500    25392     62500    46894 
# T:    27.8576         0        0      62500    29436     62500    48692 
# T:    48.5029         0        0      62500    32192     62500    49534 
# T:    84.4485         0        0      62500    32935     62500    49500 
# T:    147.033         0        0      62500    31573     62500    49216 
# T:        256         0        0      62500    29931     62500    48195 
# T:    445.722         0        0      62500    28263     62500    47611 
# T:    776.047         0        0      62500    27055     62500    47271 
# T:    1351.18         0        0      62500    25766     62500    47127 
# T:    2352.53         0        0      62500    24890     62500    46572 
# T:       4096         0        0      62500    24572 
