#  nT     T_hot    cold_rate  n_pi_eval  gen    n_try    n_acc    tvd_ndim   tvd_orth   tvd_refl   tvd_1d1   tvd_1dall     dmusq      ksd       edfs       sq_avg_q    sq_avg_p      T 
    4 23170.4750          1     4000     1000     1000      296   0.9296875       0.75       0.75  0.9333333  0.3653333    3.175633  0.9106812 0.06225454     0.0004         -1        1  
    4 23170.4750          1     8000     2000     2000      608   0.9296875       0.75       0.75  0.9333333      0.301    3.173239  0.9106812  0.0621128   0.001444         -1        1  
    4 23170.4750          1    16000     4000     4000     1201   0.9296875       0.75       0.75  0.9333333  0.2628888    3.173725  0.9106812 0.06239214 0.00148225         -1        1  
    4 23170.4750          1    32000     8000     8000     2361   0.9296875       0.75       0.75  0.9333333  0.2451111    3.171238  0.9106686 0.06796109 0.0008555625         -1        1  
    4 23170.4750          1    64000    16000    16000     4746       0.924  0.7445625  0.7445625  0.9276458  0.2336614    3.122842  0.9050436   1.522085 0.0005640625         -1        1  
    4 23170.4750          1   128000    32000    32000     9548   0.7116562      0.531      0.531  0.7046771  0.2566241    1.472864  0.6821374   1.117272 0.0001196289         -1        1  
    4 23170.4750          1   256000    64000    64000    19089   0.5886406  0.4449375  0.4449375  0.3340364  0.2056832   0.3825378  0.2964186  0.4161318 0.0002847656         -1        1  
    4 23170.4750          1   512000   128000   128000    38196   0.3984687  0.2582109  0.2582109  0.1619904  0.1064006  0.06046572  0.1035436  0.1361173 6.909766e-05         -1        1  
    4 23170.4750          1  1000000   250000   250000    74554   0.3561637   0.252876   0.252876  0.1496915  0.1230593  0.08137767  0.1149615  0.1547151 3.18999e-05         -1        1  
