# T:          1         0        0      31250     9489     31250    19799 
# T:    1.33733         0        0      31250     9458     31250    20986 
# T:    1.78845         0        0      31250     9322     31250    21629 
# T:    2.39175         0        0      31250     9248     31250    22184 
# T:    3.19855         0        0      31250     9466     31250    22786 
# T:    4.27752         0        0      31250     9435     31250    23246 
# T:    5.72045         0        0      31250     9291     31250    23853 
# T:    7.65013         0        0      31250     9325     31250    24107 
# T:    10.2307         0        0      31250     9422     31250    24190 
# T:    13.6819         0        0      31250     9756     31250    24657 
# T:    18.2972         0        0      31250    10393     31250    24885 
# T:    24.4693         0        0      31250    11541     31250    25458 
# T:    32.7236         0        0      31250    13221     31250    26107 
# T:    43.7622         0        0      31250    15152     31250    26738 
# T:    58.5245         0        0      31250    16897     31250    27240 
# T:    78.2665         0        0      31250    18482     31250    27727 
# T:    104.668         0        0      31250    19791     31250    27822 
# T:    139.976         0        0      31250    20349     31250    28068 
# T:    187.194         0        0      31250    20857     31250    27941 
# T:    250.339         0        0      31250    20688     31250    27884 
# T:    334.786         0        0      31250    20382     31250    27564 
# T:     447.72         0        0      31250    19791     31250    27356 
# T:    598.749         0        0      31250    19167     31250    27320 
# T:    800.724         0        0      31250    18659     31250    26967 
# T:    1070.83         0        0      31250    17749     31250    26782 
# T:    1432.05         0        0      31250    17073     31250    26647 
# T:    1915.13         0        0      31250    16211     31250    26251 
# T:    2561.16         0        0      31250    15546     31250    26252 
# T:    3425.11         0        0      31250    15017     31250    25976 
# T:     4580.5         0        0      31250    14206     31250    25862 
# T:    6125.64         0        0      31250    13679     31250    25861 
# T:       8192         0        0      31250    13065 
