# /home/tomfy/mcmc_toy/src/mcmc_toy; 1; 1; 0.0; 1.0; 1.0; 1000000; 1; 1; 1; gaussian; 1; 1.19; 0; 4; 360; 263032; mcmc; 1; 
# n_dimensions: 1 
# n_peaks: 1 
# peak 0; position,sigma,weight:  0.00000  1.00000  1.00000 
# target mean, variance:                0                1 
# burn-in, mcmc steps: 0 1000000 
# n temperatures: 1 
#  T, rate, Proposal(shape,W1,W2,p1):   1.00000  1.00000      gaussian  1.00000  1.19000  0.00000 
#  n_bins: 4 n_bins_1d: 360 
# seed: 263032  chain_type: mcmc neighbor_swap_only: 1 
    1000 0.006955461 0.04939674 0.08595339    0.02615  0.3364122  0.3364122 
    2000 0.003115094 0.03450022 0.05958307    0.01777  0.2404289  0.2404289 
    4000 0.001354486 0.02415206 0.04116755   0.012625   0.171145   0.171145 
    8000 0.0007963494 0.01685897 0.03018713  0.0088375  0.1211283  0.1211283 
   16000 0.0003401172 0.01182592 0.02093008 0.005931875 0.08526924 0.08526924 
   32000 0.0002000121 0.008834887  0.0153802 0.004465625 0.06019587 0.06019587 
   64000 0.000105733 0.005962812 0.01080849   0.003075 0.04276462 0.04276462 
  128000 4.59582e-05 0.004319026 0.007567219 0.002231406 0.03024884 0.03024884 
  256000 2.846029e-05 0.003180877 0.005543887 0.001731445 0.02145923 0.02145923 
  512000 1.104481e-05 0.002067341 0.003655631 0.001062051 0.01519345 0.01519345 
 1000000 7.048914e-06 0.001585514 0.00285377 0.0008599898 0.01088047 0.01088047 

# /home/tomfy/mcmc_toy/src/mcmc_toy; 1; 1; 0.0; 1.0; 1.0; 1000000; 1; 1; 1; gaussian; 1; 1.41515646685324; 0; 4; 360; 203355; mcmc; 1; 
# n_dimensions: 1 
# n_peaks: 1 
# peak 0; position,sigma,weight:  0.00000  1.00000  1.00000 
# target mean, variance:                0                1 
# burn-in, mcmc steps: 0 1000000 
# n temperatures: 1 
#  T, rate, Proposal(shape,W1,W2,p1):   1.00000  1.00000      gaussian  1.00000  1.41516  0.00000 
#  n_bins: 4 n_bins_1d: 360 
# seed: 203355  chain_type: mcmc neighbor_swap_only: 1 
    1000 0.004142769  0.0452193 0.07257344    0.02271    0.35448    0.35448 
    2000 0.00248368 0.03527625 0.05605431    0.01932  0.2562039  0.2562039 
    4000 0.001158416 0.02374705 0.03943987   0.012555  0.1805964  0.1805964 
    8000 0.0006283936 0.01740782 0.02830834  0.0088975  0.1282097  0.1282097 
   16000 0.0002899732 0.01215144 0.01959599 0.006535625 0.09081486 0.09081486 
   32000 0.0001672326 0.008727017 0.01426451 0.004387812  0.0643326  0.0643326 
   64000 9.478452e-05 0.006426291 0.01059932 0.003243906 0.04574273 0.04574273 
  128000 4.365711e-05 0.004315597 0.007370679 0.002169375 0.03241248 0.03241248 
  256000 2.02979e-05 0.003030845 0.005071056 0.001578985 0.02276369 0.02276369 
  512000 1.017057e-05 0.002150371 0.003490625 0.001018008 0.01613051 0.01613051 
 1000000 5.799722e-06 0.001552975 0.002610608 0.0007448302 0.01157463 0.01157463 

# /home/tomfy/mcmc_toy/src/mcmc_toy; 1; 1; 0.0; 1.0; 1.0; 1000000; 1; 1; 1; gaussian; 1; 1.68291413922398; 0; 4; 360; 488777; mcmc; 1; 
# n_dimensions: 1 
# n_peaks: 1 
# peak 0; position,sigma,weight:  0.00000  1.00000  1.00000 
# target mean, variance:                0                1 
# burn-in, mcmc steps: 0 1000000 
# n temperatures: 1 
#  T, rate, Proposal(shape,W1,W2,p1):   1.00000  1.00000      gaussian  1.00000  1.68291  0.00000 
#  n_bins: 4 n_bins_1d: 360 
# seed: 488777  chain_type: mcmc neighbor_swap_only: 1 
    1000 0.004757721 0.05053737 0.08023422    0.02507  0.3773389  0.3773389 
    2000 0.002240064 0.03570263 0.05543798    0.01781  0.2713933  0.2713933 
    4000 0.00117046 0.02532945 0.03868255  0.0123425  0.1930028  0.1930028 
    8000 0.0007717398 0.01898114 0.02949767  0.0102725  0.1372743  0.1372743 
   16000 0.0003586054 0.01298329 0.02078906 0.007211875 0.09701882 0.09701882 
   32000 0.0001728725 0.009081529 0.01447999 0.00459125 0.06848934 0.06848934 
   64000 7.092575e-05 0.006002708 0.009686223 0.003101719 0.04828578 0.04828578 
  128000 3.417924e-05 0.004276965 0.006803925 0.001960234 0.03413978 0.03413978 
  256000 1.794827e-05 0.002996391 0.004897901 0.001414492 0.02425727 0.02425727 
  512000 8.837318e-06 0.002156204 0.003434125 0.001100566 0.01714635 0.01714635 
 1000000 4.219033e-06 0.001555542 0.002475939 0.0007877001 0.01226842 0.01226842 

# /home/tomfy/mcmc_toy/src/mcmc_toy; 1; 1; 0.0; 1.0; 1.0; 1000000; 1; 1; 1; gaussian; 1; 2.00133346830384; 0; 4; 360; 490276; mcmc; 1; 
# n_dimensions: 1 
# n_peaks: 1 
# peak 0; position,sigma,weight:  0.00000  1.00000  1.00000 
# target mean, variance:                0                1 
# burn-in, mcmc steps: 0 1000000 
# n temperatures: 1 
#  T, rate, Proposal(shape,W1,W2,p1):   1.00000  1.00000      gaussian  1.00000  2.00133  0.00000 
#  n_bins: 4 n_bins_1d: 360 
# seed: 490276  chain_type: mcmc neighbor_swap_only: 1 
    1000 0.003170745 0.04710744 0.07058596    0.02025  0.4026078  0.4026078 
    2000 0.00187939 0.03434198 0.05236646    0.01494  0.2905511  0.2905511 
    4000 0.001219471 0.02612092 0.03962847    0.01311  0.2066889  0.2066889 
    8000 0.0006001907  0.0177144 0.02724303  0.0086275  0.1460914  0.1460914 
   16000 0.000310767 0.01318763 0.02045324 0.006756875  0.1044487  0.1044487 
   32000 0.0001451683 0.009101473 0.01419536 0.004445937 0.07368344 0.07368344 
   64000 8.085185e-05 0.006592305 0.01044132 0.003394219 0.05198196 0.05198196 
  128000 3.37897e-05 0.004769837 0.007130041 0.002392344 0.03692866 0.03692866 
  256000 1.705212e-05 0.003251256 0.005097699 0.001615312 0.02598146 0.02598146 
  512000 8.032988e-06 0.002427384 0.003659292 0.001134844 0.01847448 0.01847448 
 1000000 3.670084e-06 0.001580067 0.002358051 0.0007271001 0.01319677 0.01319677 

# /home/tomfy/mcmc_toy/src/mcmc_toy; 1; 1; 0.0; 1.0; 1.0; 1000000; 1; 1; 1; gaussian; 1; 2.38; 0; 4; 360; 657920; mcmc; 1; 
# n_dimensions: 1 
# n_peaks: 1 
# peak 0; position,sigma,weight:  0.00000  1.00000  1.00000 
# target mean, variance:                0                1 
# burn-in, mcmc steps: 0 1000000 
# n temperatures: 1 
#  T, rate, Proposal(shape,W1,W2,p1):   1.00000  1.00000      gaussian  1.00000  2.38000  0.00000 
#  n_bins: 4 n_bins_1d: 360 
# seed: 657920  chain_type: mcmc neighbor_swap_only: 1 
    1000 0.004479832 0.05507945 0.07832755    0.02957    0.43255    0.43255 
    2000 0.002283804 0.03932127  0.0560069   0.019155  0.3131178  0.3131178 
    4000 0.001023198 0.02658566 0.03880487  0.0126025  0.2232106  0.2232106 
    8000 0.0005034141 0.01837444 0.02718392  0.0081475  0.1585149  0.1585149 
   16000 0.0002821593 0.01369905 0.02013215 0.006511875  0.1126584  0.1126584 
   32000 0.0001441348 0.009514161 0.01428013 0.004467812 0.07884559 0.07884559 
   64000 6.874044e-05 0.006780351 0.01003654 0.003168125 0.05610844 0.05610844 
  128000 2.862137e-05 0.004799646 0.007269271 0.002248906 0.03989199 0.03989199 
  256000 1.509413e-05 0.003484976 0.005372195 0.001658711 0.02815259 0.02815259 
  512000 6.553206e-06 0.002384546 0.003609887 0.001058164 0.01980827 0.01980827 
 1000000 3.572139e-06 0.001744767 0.002544875 0.0007640096 0.01418677 0.01418677 

# /home/tomfy/mcmc_toy/src/mcmc_toy; 1; 1; 0.0; 1.0; 1.0; 1000000; 1; 1; 1; gaussian; 1; 2.83031293370648; 0; 4; 360; 9748; mcmc; 1; 
# n_dimensions: 1 
# n_peaks: 1 
# peak 0; position,sigma,weight:  0.00000  1.00000  1.00000 
# target mean, variance:                0                1 
# burn-in, mcmc steps: 0 1000000 
# n temperatures: 1 
#  T, rate, Proposal(shape,W1,W2,p1):   1.00000  1.00000      gaussian  1.00000  2.83031  0.00000 
#  n_bins: 4 n_bins_1d: 360 
# seed: 9748  chain_type: mcmc neighbor_swap_only: 1 
    1000 0.005332853 0.06250205 0.08714259    0.03016  0.4642311  0.4642311 
    2000 0.002632003 0.04166764 0.06061211    0.01949  0.3390678  0.3390678 
    4000 0.001192243 0.02918171 0.04240888    0.01405  0.2409711  0.2409711 
    8000 0.000582109 0.02150879 0.03082662  0.0110125  0.1720153  0.1720153 
   16000 0.0002997471 0.01495094 0.02133517 0.007260625  0.1219613  0.1219613 
   32000 0.0001236859  0.0102786 0.01442131 0.004885937  0.0863067  0.0863067 
   64000 6.875874e-05 0.007058563 0.01010758 0.003414219 0.06098811 0.06098811 
  128000 3.710364e-05 0.005226337 0.007468403 0.002467187 0.04337699 0.04337699 
  256000 1.595837e-05 0.003598902 0.005099795 0.001672852 0.03048953 0.03048953 
  512000 9.769585e-06 0.002610304 0.003756007 0.001268281 0.02156613 0.02156613 
 1000000 3.688744e-06 0.001807997 0.002577268 0.0007866803 0.01538741 0.01538741 

# /home/tomfy/mcmc_toy/src/mcmc_toy; 1; 1; 0.0; 1.0; 1.0; 1000000; 1; 1; 1; gaussian; 1; 3.36582827844797; 0; 4; 360; 589131; mcmc; 1; 
# n_dimensions: 1 
# n_peaks: 1 
# peak 0; position,sigma,weight:  0.00000  1.00000  1.00000 
# target mean, variance:                0                1 
# burn-in, mcmc steps: 0 1000000 
# n temperatures: 1 
#  T, rate, Proposal(shape,W1,W2,p1):   1.00000  1.00000      gaussian  1.00000  3.36583  0.00000 
#  n_bins: 4 n_bins_1d: 360 
# seed: 589131  chain_type: mcmc neighbor_swap_only: 1 
    1000 0.004765672 0.06182626 0.08490453    0.03192  0.4980644  0.4980644 
    2000 0.002454901 0.04432692 0.06151494    0.02272  0.3655755  0.3655755 
    4000 0.00103961 0.03168694 0.04270369  0.0144725  0.2620681  0.2620681 
    8000 0.0005601637 0.02250499 0.03132783  0.0110275  0.1862867  0.1862867 
   16000 0.000301995 0.01605311 0.02257797 0.007515625  0.1328816  0.1328816 
   32000 0.0001201233 0.01067986 0.01523829 0.004743438 0.09339177 0.09339177 
   64000 7.443077e-05 0.007777568 0.01105424  0.0033875 0.06635771 0.06635771 
  128000 3.800886e-05 0.005579627 0.007870342 0.002598672  0.0469253  0.0469253 
  256000 1.740485e-05 0.003920256 0.005388535 0.001751328  0.0331453  0.0331453 
  512000 1.047407e-05 0.002860206 0.004046023 0.001289023  0.0235144  0.0235144 
 1000000 4.968168e-06 0.002022458 0.002842976 0.0009241202 0.01688188 0.01688188 

# /home/tomfy/mcmc_toy/src/mcmc_toy; 1; 1; 0.0; 1.0; 1.0; 1000000; 1; 1; 1; gaussian; 1; 4.00266693660768; 0; 4; 360; 980868; mcmc; 1; 
# n_dimensions: 1 
# n_peaks: 1 
# peak 0; position,sigma,weight:  0.00000  1.00000  1.00000 
# target mean, variance:                0                1 
# burn-in, mcmc steps: 0 1000000 
# n temperatures: 1 
#  T, rate, Proposal(shape,W1,W2,p1):   1.00000  1.00000      gaussian  1.00000  4.00267  0.00000 
#  n_bins: 4 n_bins_1d: 360 
# seed: 980868  chain_type: mcmc neighbor_swap_only: 1 
    1000 0.005514732 0.06838979 0.09524217    0.03335  0.5384989  0.5384989 
    2000 0.002590354 0.04793981 0.06760179   0.021295  0.3991556  0.3991556 
    4000 0.001417589  0.0334547 0.04663915    0.01609  0.2866336  0.2866336 
    8000 0.000716055 0.02365643 0.03378445 0.01148375  0.2046521  0.2046521 
   16000 0.0003226205 0.01693308 0.02340937 0.00747375   0.145759   0.145759 
   32000 0.0001490729 0.01243952 0.01666256 0.005535938  0.1034268  0.1034268 
   64000 8.312772e-05 0.008979467 0.01236131 0.004037813 0.07295611 0.07295611 
  128000 3.535131e-05 0.005912135 0.00820966 0.002505625 0.05156773 0.05156773 
  256000 1.663973e-05 0.004136095 0.005756971 0.001853554 0.03653145 0.03653145 
  512000 1.032119e-05 0.003056102 0.004266459 0.001487461 0.02574593 0.02574593 
 1000000 4.549811e-06 0.002106565 0.002851736 0.00096816 0.01845458 0.01845458 

# /home/tomfy/mcmc_toy/src/mcmc_toy; 1; 1; 0.0; 1.0; 1.0; 1000000; 1; 1; 1; gaussian; 1; 4.76; 0; 4; 360; 631421; mcmc; 1; 
# n_dimensions: 1 
# n_peaks: 1 
# peak 0; position,sigma,weight:  0.00000  1.00000  1.00000 
# target mean, variance:                0                1 
# burn-in, mcmc steps: 0 1000000 
# n temperatures: 1 
#  T, rate, Proposal(shape,W1,W2,p1):   1.00000  1.00000      gaussian  1.00000  4.76000  0.00000 
#  n_bins: 4 n_bins_1d: 360 
# seed: 631421  chain_type: mcmc neighbor_swap_only: 1 
    1000 0.005519376 0.07428715 0.09931523    0.03188  0.5768067  0.5768067 
    2000 0.002799015 0.05402981  0.0726112    0.02415    0.43226    0.43226 
    4000 0.001489145 0.03690419 0.04997449  0.0159575  0.3107397  0.3107397 
    8000 0.0008447361  0.0255581 0.03571029   0.012455  0.2217194  0.2217194 
   16000 0.000407468 0.01894389 0.02598614  0.0087025  0.1576247  0.1576247 
   32000 0.0002242046 0.01406898 0.01903203  0.0068275  0.1115888  0.1115888 
   64000 0.0001086096 0.009758674 0.01313567 0.004471719 0.07964319 0.07964319 
  128000 4.785539e-05 0.006720751 0.00935275 0.003263984 0.05629563 0.05629563 
  256000 2.082492e-05 0.004788496 0.006530548 0.002334648  0.0396306  0.0396306 
  512000 1.052203e-05 0.003327408 0.004554462 0.001502187 0.02800873 0.02800873 
 1000000 5.989534e-06 0.00239999 0.003295393 0.00116795 0.02010565 0.02010565 

# /home/tomfy/mcmc_toy/src/mcmc_toy; 1; 1; 0.0; 1.0; 1.0; 1000000; 1; 1; 1; gaussian; 1; 5.66062586741295; 0; 4; 360; 356303; mcmc; 1; 
# n_dimensions: 1 
# n_peaks: 1 
# peak 0; position,sigma,weight:  0.00000  1.00000  1.00000 
# target mean, variance:                0                1 
# burn-in, mcmc steps: 0 1000000 
# n temperatures: 1 
#  T, rate, Proposal(shape,W1,W2,p1):   1.00000  1.00000      gaussian  1.00000  5.66063  0.00000 
#  n_bins: 4 n_bins_1d: 360 
# seed: 356303  chain_type: mcmc neighbor_swap_only: 1 
    1000 0.006485535 0.07657432  0.1044398    0.03269  0.6154033  0.6154033 
    2000 0.003255666 0.05334956 0.07460982    0.02307  0.4692206  0.4692206 
    4000 0.001498505 0.03819926  0.0529081    0.01837  0.3401028  0.3401028 
    8000 0.0008898887 0.02849873 0.03963766   0.013665  0.2444419  0.2444419 
   16000 0.0004072154 0.01975283 0.02780045 0.009426875   0.173361   0.173361 
   32000 0.0002711043 0.01466168 0.02055574 0.00720375  0.1225985  0.1225985 
   64000 0.0001123393 0.01013217 0.01414364 0.004250625 0.08742594 0.08742594 
  128000 5.441696e-05 0.007106986 0.01003069 0.003164063 0.06171561 0.06171561 
  256000 1.875025e-05 0.005062866 0.006671164 0.002127734 0.04361485 0.04361485 
  512000 1.083359e-05 0.003602271 0.004783753 0.001436641 0.03073388 0.03073388 
 1000000 5.742449e-06 0.002534492 0.003462795  0.0010342 0.02201487 0.02201487 

