#  nT     T_hot    cold_rate  n_pi_eval  gen    n_try    n_acc    tvd_ndim   tvd_orth   tvd_refl   tvd_1d1   tvd_1dall     dmusq      ksd       edfs       sq_avg_q    sq_avg_p      T 
    1    1.0000          1     1000     1000     1000      210       0.036 0.007000002 0.009000002  0.6284444  0.6284444  0.0005192628 0.05681974 0.06154126   0.000196         -1        1  
    1    1.0000          1     2000     2000     2000      428      0.0375     0.0375      0.017  0.4663889  0.4663889  0.005136722 0.06275525 0.07809511   0.005625         -1        1  
    1    1.0000          1     4000     4000     4000      852       0.032      0.032 0.001749998  0.3234167  0.3234167  0.0008440024 0.04076047 0.04064727   0.004096         -1        1  
    1    1.0000          1     8000     8000     8000     1759    0.031375 0.005125002   0.031375  0.2409306  0.2409306  1.434314e-07 0.02911703 0.05225876 0.0001050625         -1        1  
    1    1.0000          1    16000    16000    16000     3451     0.01025 0.001250002    0.01025  0.1750556  0.1750556  2.686158e-07 0.01763427 0.02214032   6.25e-06         -1        1  
    1    1.0000          1    32000    32000    32000     6953  0.007781248 0.003343752 0.004187498  0.1242569  0.1242569  0.0002336837 0.01318154 0.02150318 4.472266e-05         -1        1  
    1    1.0000          1    64000    64000    64000    13906  0.01090625 0.008171877 0.005749998  0.0879462  0.0879462  0.0004793918 0.01377382 0.02919362 0.0002671182         -1        1  
    1    1.0000          1   128000   128000   128000    27641  0.005890625 0.005093752 0.003601561 0.06384636 0.06384636  9.577998e-05 0.007393205 0.01473005 0.0001037852         -1        1  
    1    1.0000          1   256000   256000   256000    55103  0.002414063 0.001429689 0.001296873 0.04539583 0.04539583  2.176031e-05 0.003364015 0.004857434 8.176025e-06         -1        1  
    1    1.0000          1   512000   512000   512000   110327     0.00175 0.001611326 0.001085939 0.03116818 0.03116818  1.277624e-05 0.00507682 0.004720626 1.038551e-05         -1        1  
    1    1.0000          1  1000000  1000000  1000000   215587  0.001232998 0.0008489981 0.0005710017 0.02272099 0.02272099  1.690293e-09 0.002097243 0.002065994 2.883204e-06         -1        1  
