# T:          1         0        0      31250    11034     31250    26234 
# T:    1.38294         0        0      31250    11035     31250    26142 
# T:    1.91253         0        0      31250    11195     31250    26210 
# T:    2.64492         0        0      31250    11274     31250    26235 
# T:    3.65778         0        0      31250    11082     31250    26273 
# T:     5.0585         0        0      31250    10998     31250    26144 
# T:    6.99562         0        0      31250    11064     31250    26201 
# T:    9.67454         0        0      31250    11181     31250    26137 
# T:    13.3793         0        0      31250    11095     31250    26326 
# T:    18.5029         0        0      31250    11040     31250    26229 
# T:    25.5884         0        0      31250    11228     31250    26290 
# T:    35.3873         0        0      31250    11200     31250    26116 
# T:    48.9387         0        0      31250    11238     31250    26218 
# T:    67.6794         0        0      31250    11308     31250    26318 
# T:    93.5968         0        0      31250    11584     31250    26204 
# T:    129.439         0        0      31250    12246     31250    26536 
# T:    179.007         0        0      31250    13445     31250    26736 
# T:    247.556         0        0      31250    14492     31250    27021 
# T:    342.356         0        0      31250    15556     31250    27295 
# T:    473.459         0        0      31250    16126     31250    27485 
# T:    654.767         0        0      31250    16238     31250    27297 
# T:    905.506         0        0      31250    16154     31250    27483 
# T:    1252.26         0        0      31250    15686     31250    27231 
# T:    1731.81         0        0      31250    15237     31250    27301 
# T:    2394.99         0        0      31250    14838     31250    27065 
# T:    3312.14         0        0      31250    14422     31250    26904 
# T:     4580.5         0        0      31250    13908     31250    26860 
# T:    6334.58         0        0      31250    13368     31250    26745 
# T:    8760.36         0        0      31250    13204     31250    26735 
# T:    12115.1         0        0      31250    12640     31250    26770 
# T:    16754.5         0        0      31250    12432     31250    26625 
# T:    23170.5         0        0      31250    12262 
