# T:          1         0        0      62500    18636     62500    33166 
# T:    1.95432         0        0      62500    18585     62500    33339 
# T:    3.81937         0        0      62500    18849     62500    33503 
# T:    7.46426         0        0      62500    18589     62500    33031 
# T:    14.5876         0        0      62500    18855     62500    33211 
# T:    28.5088         0        0      62500    18608     62500    33284 
# T:    55.7152         0        0      62500    19511     62500    34909 
# T:    108.885         0        0      62500    24217     62500    39887 
# T:    212.797         0        0      62500    32549     62500    45482 
# T:    415.873         0        0      62500    39278     62500    47590 
# T:    812.749         0        0      62500    41470     62500    47056 
# T:    1588.37         0        0      62500    39971     62500    45277 
# T:    3104.19         0        0      62500    37275     62500    42967 
# T:    6066.58         0        0      62500    33490     62500    40597 
# T:      11856         0        0      62500    30544     62500    38627 
# T:    23170.5         0        0      62500    27606 
