# /home/tomfy/mcmc_toy/src/mcmc_toy; 9; 1; 0.0; 1.0; 1.0; 1000000; 1; 1; 1; gaussian; 0.3597; 0.396666666666667; 0; 4; 360; 429542; mcmc; 1; 
# n_dimensions: 9 
# n_peaks: 1 
# peak 0; position,sigma,weight:  0.00000  1.00000  1.00000 
# target mean, variance:                0                1 
# burn-in, mcmc steps: 0 1000000 
# n temperatures: 1 
#  T, rate, Proposal(shape,W1,W2,p1):   1.00000  1.00000      gaussian  0.35970  0.39667  0.00000 
#  n_bins: 4 n_bins_1d: 360 
# seed: 429542  chain_type: mcmc neighbor_swap_only: 1 
    1000  0.4192918 0.09903547  0.1941221  0.6046434  0.3879289  0.1342011 
    2000  0.2213072 0.07251857   0.145186  0.4615711  0.2795917 0.09444112 
    4000  0.1076111 0.05197401  0.1047044  0.3409525  0.1985181 0.06739667 
    8000 0.05617853 0.03682152 0.07554117  0.2467886   0.140799 0.04755139 
   16000 0.02594047 0.02419615 0.04785563  0.1757805 0.09908243 0.03379292 
   32000 0.01267129  0.0170399 0.03330615  0.1249283 0.06985816 0.02380764 
   64000 0.006193468 0.01237509 0.02419037 0.08824953  0.0497821 0.01681632 
  128000 0.003167371 0.009098477 0.01816049 0.06251742 0.03544105 0.01195166 
  256000 0.001597948 0.006468601 0.01302509 0.04437871  0.0250538 0.008441337 
  512000 0.0008219904 0.004871146 0.009761411 0.03144709 0.01777229 0.006018249 
 1000000 0.0004375575 0.003536188 0.00722312 0.02253442 0.01282824 0.004304964 

# /home/tomfy/mcmc_toy/src/mcmc_toy; 9; 1; 0.0; 1.0; 1.0; 1000000; 1; 1; 1; gaussian; 0.3597; 0.471718822284413; 0; 4; 360; 101132; mcmc; 1; 
# n_dimensions: 9 
# n_peaks: 1 
# peak 0; position,sigma,weight:  0.00000  1.00000  1.00000 
# target mean, variance:                0                1 
# burn-in, mcmc steps: 0 1000000 
# n temperatures: 1 
#  T, rate, Proposal(shape,W1,W2,p1):   1.00000  1.00000      gaussian  0.35970  0.47172  0.00000 
#  n_bins: 4 n_bins_1d: 360 
# seed: 101132  chain_type: mcmc neighbor_swap_only: 1 
    1000  0.3555426 0.09868711  0.1868664  0.5953036  0.4159278  0.1439289 
    2000  0.1831529 0.07481091  0.1435991   0.453573  0.3025328  0.1020339 
    4000 0.09145006 0.05259309  0.1039357  0.3311086  0.2145397 0.07219112 
    8000 0.04410672 0.03550272 0.07116309  0.2370884  0.1519886 0.05081334 
   16000 0.02141903 0.02502441  0.0495872  0.1684047  0.1077049 0.03611195 
   32000 0.01063064   0.017515 0.03454122   0.120082 0.07592434 0.02576094 
   64000 0.005564052 0.01189574 0.02370049 0.08540078 0.05348813 0.01799562 
  128000 0.002873819 0.008667636 0.01721331 0.06043602 0.03804681 0.01274858 
  256000 0.001301208 0.005744134 0.01154701 0.04251297 0.02685509 0.008992855 
  512000 0.0007069886 0.004411511 0.008657393 0.03024447 0.01902975 0.006368095 
 1000000 0.0003584332 0.003160286 0.006264512 0.02147272 0.01362765 0.004557278 

# /home/tomfy/mcmc_toy/src/mcmc_toy; 9; 1; 0.0; 1.0; 1.0; 1000000; 1; 1; 1; gaussian; 0.3597; 0.560971379741328; 0; 4; 360; 994800; mcmc; 1; 
# n_dimensions: 9 
# n_peaks: 1 
# peak 0; position,sigma,weight:  0.00000  1.00000  1.00000 
# target mean, variance:                0                1 
# burn-in, mcmc steps: 0 1000000 
# n temperatures: 1 
#  T, rate, Proposal(shape,W1,W2,p1):   1.00000  1.00000      gaussian  0.35970  0.56097  0.00000 
#  n_bins: 4 n_bins_1d: 360 
# seed: 994800  chain_type: mcmc neighbor_swap_only: 1 
    1000  0.3032715  0.0884388  0.1622801  0.6033314    0.45336  0.1576245 
    2000   0.150793 0.06370436  0.1169944  0.4555963  0.3281072  0.1121289 
    4000  0.0735035 0.04346312 0.07871902   0.333297  0.2343614 0.07979806 
    8000 0.03753237 0.03201904 0.05812713  0.2400981  0.1674262 0.05641833 
   16000 0.01729694  0.0235034 0.04366132  0.1703852  0.1188206 0.03973146 
   32000 0.009022442 0.01718343 0.03168369  0.1212555 0.08416673 0.02818319 
   64000 0.00448726 0.01182772 0.02236769 0.08512063 0.05946575 0.01987068 
  128000 0.00229229 0.009040899 0.01732211 0.06045711 0.04209784 0.01404395 
  256000 0.001121978 0.006105786 0.01169001  0.0427957 0.02977628 0.009972249 
  512000 0.0005898163 0.00448683 0.008603982 0.03028293 0.02102624 0.007047076 
 1000000 0.0003241472 0.003003238 0.005692335 0.02166783 0.01496856 0.005049959 

# /home/tomfy/mcmc_toy/src/mcmc_toy; 9; 1; 0.0; 1.0; 1.0; 1000000; 1; 1; 1; gaussian; 0.3597; 0.66711115610128; 0; 4; 360; 589480; mcmc; 1; 
# n_dimensions: 9 
# n_peaks: 1 
# peak 0; position,sigma,weight:  0.00000  1.00000  1.00000 
# target mean, variance:                0                1 
# burn-in, mcmc steps: 0 1000000 
# n temperatures: 1 
#  T, rate, Proposal(shape,W1,W2,p1):   1.00000  1.00000      gaussian  0.35970  0.66711  0.00000 
#  n_bins: 4 n_bins_1d: 360 
# seed: 589480  chain_type: mcmc neighbor_swap_only: 1 
    1000  0.2528769 0.09080689  0.1547671   0.625373  0.5008033  0.1772422 
    2000  0.1371361 0.07107498  0.1248589  0.4778752  0.3673228  0.1253895 
    4000 0.06879912 0.04709632 0.08494045  0.3481033    0.26474 0.08928445 
    8000 0.03400421 0.03410732 0.06344855  0.2502152  0.1880996 0.06344917 
   16000 0.01719822 0.02426024 0.04593877  0.1784436  0.1337211 0.04480403 
   32000 0.008653413 0.01686581 0.03020948  0.1265597 0.09428719 0.03176247 
   64000  0.0043954 0.01193734 0.02152341 0.08952844 0.06688351 0.02243266 
  128000 0.002165431 0.008532266 0.01543999 0.06313898 0.04764981 0.01577293 
  256000 0.001029571  0.0060924 0.01092851 0.04470727 0.03368443 0.01119256 
  512000 0.0005213702 0.004530085 0.008065963 0.03170766  0.0237855 0.007932364 
 1000000 0.0002678918 0.003067153 0.005618998 0.02263188 0.01697864 0.005718477 

# /home/tomfy/mcmc_toy/src/mcmc_toy; 9; 1; 0.0; 1.0; 1.0; 1000000; 1; 1; 1; gaussian; 0.3597; 0.793333333333333; 0; 4; 360; 429140; mcmc; 1; 
# n_dimensions: 9 
# n_peaks: 1 
# peak 0; position,sigma,weight:  0.00000  1.00000  1.00000 
# target mean, variance:                0                1 
# burn-in, mcmc steps: 0 1000000 
# n temperatures: 1 
#  T, rate, Proposal(shape,W1,W2,p1):   1.00000  1.00000      gaussian  0.35970  0.79333  0.00000 
#  n_bins: 4 n_bins_1d: 360 
# seed: 429140  chain_type: mcmc neighbor_swap_only: 1 
    1000   0.243164 0.09974892  0.1702046    0.67303     0.5685  0.2090033 
    2000  0.1219978 0.06502382  0.1128167  0.5257061  0.4222228  0.1479844 
    4000 0.06066933  0.0446229 0.07536551  0.3875183  0.3071567  0.1042328 
    8000 0.03061931 0.03393506  0.0577175  0.2786523  0.2194808 0.07418806 
   16000 0.01542791 0.02358681 0.04078351  0.1986417  0.1559271 0.05269104 
   32000 0.008060213 0.01693329 0.02882736  0.1408189  0.1103405 0.03717771 
   64000  0.0039181 0.01235864 0.02091957  0.1002564 0.07797995 0.02651835 
  128000 0.001823897 0.008452108 0.01445967 0.07084719 0.05529002 0.01867724 
  256000 0.0009241631 0.006203736 0.01060225  0.0500884 0.03916849  0.0131351 
  512000 0.0004892303 0.004290915 0.007484992 0.03527326 0.02787366 0.00930821 
 1000000 0.0002700183 0.00302309 0.005203734 0.02537573 0.01984909 0.006667118 

# /home/tomfy/mcmc_toy/src/mcmc_toy; 9; 1; 0.0; 1.0; 1.0; 1000000; 1; 1; 1; gaussian; 0.3597; 0.943437644568825; 0; 4; 360; 9862; mcmc; 1; 
# n_dimensions: 9 
# n_peaks: 1 
# peak 0; position,sigma,weight:  0.00000  1.00000  1.00000 
# target mean, variance:                0                1 
# burn-in, mcmc steps: 0 1000000 
# n temperatures: 1 
#  T, rate, Proposal(shape,W1,W2,p1):   1.00000  1.00000      gaussian  0.35970  0.94344  0.00000 
#  n_bins: 4 n_bins_1d: 360 
# seed: 9862  chain_type: mcmc neighbor_swap_only: 1 
    1000  0.3049073  0.1139138  0.1830565  0.7351823    0.64836    0.25218 
    2000  0.1422202 0.08085855  0.1316926  0.5926628  0.4986011  0.1795033 
    4000  0.0707245 0.05693397 0.09119692  0.4477253  0.3670422  0.1278772 
    8000 0.03607065 0.04092116 0.06611697  0.3254414    0.26513 0.09055181 
   16000 0.01796641 0.02790634 0.04678515   0.233607  0.1894529 0.06383028 
   32000 0.008550872 0.01992049 0.03245633   0.166568  0.1355597 0.04541503 
   64000 0.004421974 0.01416973 0.02330504  0.1182131 0.09575922 0.03218349 
  128000 0.002065599 0.01031113 0.01656028 0.08348992 0.06771648 0.02268581 
  256000 0.001108275 0.006971254 0.01121069 0.05959773 0.04809374 0.01610457 
  512000 0.0005569448 0.005001774 0.007879383 0.04184729  0.0338632 0.01132172 
 1000000 0.0002820013 0.003558416 0.005792784 0.03002323 0.02427047 0.008098492 

# /home/tomfy/mcmc_toy/src/mcmc_toy; 9; 1; 0.0; 1.0; 1.0; 1000000; 1; 1; 1; gaussian; 0.3597; 1.12194275948266; 0; 4; 360; 725236; mcmc; 1; 
# n_dimensions: 9 
# n_peaks: 1 
# peak 0; position,sigma,weight:  0.00000  1.00000  1.00000 
# target mean, variance:                0                1 
# burn-in, mcmc steps: 0 1000000 
# n temperatures: 1 
#  T, rate, Proposal(shape,W1,W2,p1):   1.00000  1.00000      gaussian  0.35970  1.12194  0.00000 
#  n_bins: 4 n_bins_1d: 360 
# seed: 725236  chain_type: mcmc neighbor_swap_only: 1 
    1000  0.3249359  0.1323588  0.2025033  0.8012578    0.73174  0.3135444 
    2000  0.1580974  0.0988655  0.1528448  0.6757277  0.5937289   0.226765 
    4000 0.07297614 0.06735071  0.1011482  0.5333161  0.4544342  0.1634044 
    8000 0.03967266 0.05036115 0.07569004  0.3982806  0.3342026  0.1160289 
   16000  0.0193393 0.03308731 0.05133105  0.2902798  0.2414106 0.08197528 
   32000 0.01021256  0.0251826 0.04004461  0.2084203  0.1732333 0.05799729 
   64000 0.004617374 0.01705327 0.02581936  0.1477842  0.1228504 0.04070281 
  128000 0.002470926 0.01267245 0.01934554  0.1056494 0.08756675 0.02908861 
  256000 0.00133513 0.008406179 0.01260738  0.0748823 0.06165476 0.02065667 
  512000 0.0006322496 0.005812257 0.008923076  0.0530308 0.04375675 0.01452211 
 1000000 0.0003111869 0.004018169 0.006375084 0.03810805  0.0313278 0.01043064 

# /home/tomfy/mcmc_toy/src/mcmc_toy; 9; 1; 0.0; 1.0; 1.0; 1000000; 1; 1; 1; gaussian; 0.3597; 1.33422231220256; 0; 4; 360; 897836; mcmc; 1; 
# n_dimensions: 9 
# n_peaks: 1 
# peak 0; position,sigma,weight:  0.00000  1.00000  1.00000 
# target mean, variance:                0                1 
# burn-in, mcmc steps: 0 1000000 
# n temperatures: 1 
#  T, rate, Proposal(shape,W1,W2,p1):   1.00000  1.00000      gaussian  0.35970  1.33422  0.00000 
#  n_bins: 4 n_bins_1d: 360 
# seed: 897836  chain_type: mcmc neighbor_swap_only: 1 
    1000  0.4467051  0.1731417  0.2525483  0.8669078  0.8195744  0.4120589 
    2000  0.2267685  0.1213547  0.1776282  0.7722358  0.7048489  0.3015094 
    4000  0.1139015 0.08993899  0.1312187  0.6454034  0.5684456  0.2195489 
    8000 0.05664262 0.06051512  0.0891496  0.5059147  0.4358549  0.1587644 
   16000 0.02527238 0.04221028 0.06091808  0.3757797  0.3206965  0.1122709 
   32000 0.01262267 0.02900931  0.0411816  0.2732173  0.2312827 0.07910035 
   64000 0.006688665 0.02148386 0.03075766  0.1985058  0.1668241 0.05620952 
  128000 0.003047977 0.01541673 0.02263288  0.1424698   0.119332 0.03985991 
  256000 0.001659323 0.01059992 0.01519915  0.1018294 0.08462003 0.02826708 
  512000 0.0008820817 0.007623234 0.01072557 0.07228283 0.06009362 0.02002185 
 1000000 0.0004343506 0.005463598 0.007622763 0.05158763 0.04290142 0.01435243 

# /home/tomfy/mcmc_toy/src/mcmc_toy; 9; 1; 0.0; 1.0; 1.0; 1000000; 1; 1; 1; gaussian; 0.3597; 1.58666666666667; 0; 4; 360; 579685; mcmc; 1; 
# n_dimensions: 9 
# n_peaks: 1 
# peak 0; position,sigma,weight:  0.00000  1.00000  1.00000 
# target mean, variance:                0                1 
# burn-in, mcmc steps: 0 1000000 
# n temperatures: 1 
#  T, rate, Proposal(shape,W1,W2,p1):   1.00000  1.00000      gaussian  0.35970  1.58667  0.00000 
#  n_bins: 4 n_bins_1d: 360 
# seed: 579685  chain_type: mcmc neighbor_swap_only: 1 
    1000  0.6299272  0.2145519  0.2922836  0.9233097  0.8945411  0.5433356 
    2000  0.3498232  0.1619993  0.2277197   0.863507  0.8178906   0.419435 
    4000  0.1786198  0.1216366  0.1697449    0.76874  0.7048375  0.3138844 
    8000 0.08804657 0.08147446  0.1125476  0.6385442   0.568415  0.2264367 
   16000 0.04772244 0.05887132 0.08068281  0.5043061   0.435647  0.1639269 
   32000 0.02330289 0.04107719 0.05668758  0.3803992  0.3263139  0.1157522 
   64000 0.01165056  0.0306742 0.04261997  0.2826967  0.2392263 0.08263681 
  128000 0.005674783 0.02262738 0.03014039  0.2057148  0.1729961 0.05915773 
  256000 0.002845105 0.01566439 0.02155706  0.1481564  0.1232741 0.04207818 
  512000 0.001432515 0.01095824 0.01464599  0.1057153 0.08732083  0.0296974 
 1000000 0.00070391 0.007539835 0.01040957 0.07577254 0.06319728 0.02123039 

# /home/tomfy/mcmc_toy/src/mcmc_toy; 9; 1; 0.0; 1.0; 1.0; 1000000; 1; 1; 1; gaussian; 0.3597; 1.88687528913765; 0; 4; 360; 442205; mcmc; 1; 
# n_dimensions: 9 
# n_peaks: 1 
# peak 0; position,sigma,weight:  0.00000  1.00000  1.00000 
# target mean, variance:                0                1 
# burn-in, mcmc steps: 0 1000000 
# n temperatures: 1 
#  T, rate, Proposal(shape,W1,W2,p1):   1.00000  1.00000      gaussian  0.35970  1.88688  0.00000 
#  n_bins: 4 n_bins_1d: 360 
# seed: 442205  chain_type: mcmc neighbor_swap_only: 1 
    1000   1.255676  0.3070187  0.3804484  0.9604489  0.9444089    0.68849 
    2000  0.6813713  0.2419303   0.327376    0.92498  0.8966822  0.5563361 
    4000  0.3564079  0.1758701  0.2422149  0.8646325  0.8207864  0.4345019 
    8000  0.1704269  0.1266126  0.1740302  0.7757022  0.7187225  0.3310257 
   16000 0.09059437 0.09563756  0.1294673  0.6591928  0.5930346  0.2501192 
   32000 0.04804541 0.06876909 0.09401891  0.5240037  0.4626117  0.1799914 
   64000 0.02391052 0.04729139  0.0625233   0.406535  0.3530839  0.1315192 
  128000  0.0112803 0.03575512 0.04729604  0.3068317  0.2629814 0.09362226 
  256000 0.005468577 0.02398329 0.03197193  0.2260383  0.1919876 0.06652593 
  512000 0.002725963 0.01805542 0.02331148  0.1635793  0.1379613 0.04718168 
 1000000 0.001459579 0.01276941 0.01637194  0.1192411 0.09963718 0.03367441 

