#  nT     T_hot    cold_rate  n_pi_eval  gen    n_try    n_acc    tvd_ndim   tvd_orth   tvd_refl   tvd_1d1   tvd_1dall     dmusq      ksd       edfs       sq_avg_q    sq_avg_p      T 
    1    1.0000          1     1000     1000     1000       13   0.9999466  0.9726562  0.9726562  0.9611111  0.7244444   0.7908197  0.4133308   0.396793   0.287296         -1        1  
    1    1.0000          1     2000     2000     2000       37    0.999855  0.9300937      0.934  0.9033889  0.5961667   0.3474156  0.2631859  0.3128332     0.0256         -1        1  
    1    1.0000          1     4000     4000     4000       98   0.9996223  0.8387187   0.837875  0.7919444  0.3960278   0.1345328  0.1863361  0.2246284 0.05880625         -1        1  
    1    1.0000          1     8000     8000     8000      165   0.9993668  0.7726406  0.7679062      0.713  0.3431528   0.1367044  0.1633625  0.2339973 0.00015625         -1        1  
    1    1.0000          1    16000    16000    16000      317   0.9987869  0.6512187  0.6544844  0.5831181  0.2435417  0.05627134 0.07383865 0.09987857 0.01291064         -1        1  
    1    1.0000          1    32000    32000    32000      568   0.9978294  0.5391563  0.5413906  0.4933542  0.2102326  0.02807369 0.06232607  0.0755574 0.002168066         -1        1  
    1    1.0000          1    64000    64000    64000     1220   0.9953575      0.419  0.4158906  0.3606337  0.1336181  0.02040107 0.03410679 0.04760998 2.640625e-06         -1        1  
    1    1.0000          1   128000   128000   128000     2549   0.9903374  0.3156797  0.2981641  0.2689792 0.09402083  0.007544427 0.02944331 0.03895953 5.166016e-07         -1        1  
    1    1.0000          1   256000   256000   256000     5208   0.9803619   0.234793  0.2097461  0.1827999 0.06307465  0.00671913 0.02036468 0.03265648 1.681885e-06         -1        1  
    1    1.0000          1   512000   512000   512000    10272   0.9622135  0.1648203  0.1518574  0.1364935 0.04928212  0.002644798 0.01391661 0.01477558 3.342285e-07         -1        1  
    1    1.0000          1  1000000  1000000  1000000    19691   0.9309077  0.1178951  0.1113911 0.09570612 0.03444512  0.001984016 0.01062804 0.01137823 9.424526e-05         -1        1  
