# /home/tomfy/mcmc_toy/src/mcmc_toy; 4; 1; 0.0; 1.0; 1.0; 1000000; 1; 1; 1; gaussian; 0.6541; 0.595; 0; 4; 360; 575348; mcmc; 1; 
# n_dimensions: 4 
# n_peaks: 1 
# peak 0; position,sigma,weight:  0.00000  1.00000  1.00000 
# target mean, variance:                0                1 
# burn-in, mcmc steps: 0 1000000 
# n temperatures: 1 
#  T, rate, Proposal(shape,W1,W2,p1):   1.00000  1.00000      gaussian  0.65410  0.59500  0.00000 
#  n_bins: 4 n_bins_1d: 360 
# seed: 575348  chain_type: mcmc neighbor_swap_only: 1 
    1000  0.0863663 0.07336175   0.129688   0.139545  0.3724089  0.1900372 
    2000 0.04614832 0.05085019 0.09371905   0.099865  0.2663739  0.1343456 
    4000 0.02285357  0.0379262 0.07021021    0.06906   0.188815 0.09495139 
    8000 0.01234612 0.02705839  0.0512135 0.04953375  0.1350721  0.0671282 
   16000 0.005674796 0.01982452 0.03753435 0.03362938 0.09543153 0.04750795 
   32000 0.002887089 0.01430468 0.02745103 0.02405594 0.06774264 0.03384536 
   64000 0.001392578 0.009688235 0.01822462 0.01651359 0.04757238 0.02402428 
  128000 0.0007287699 0.007092245 0.01346054 0.01189109 0.03375976 0.01701066 
  256000 0.0003498231 0.004824527 0.009366039 0.008464961  0.0238283 0.01198276 
  512000 0.0001645576 0.003507607 0.006774808 0.005895352 0.01688197 0.008444029 
 1000000 7.947793e-05 0.00234197 0.00450027 0.00426919 0.01211324 0.006080044 

# /home/tomfy/mcmc_toy/src/mcmc_toy; 4; 1; 0.0; 1.0; 1.0; 1000000; 1; 1; 1; gaussian; 0.6541; 0.707578233426619; 0; 4; 360; 178657; mcmc; 1; 
# n_dimensions: 4 
# n_peaks: 1 
# peak 0; position,sigma,weight:  0.00000  1.00000  1.00000 
# target mean, variance:                0                1 
# burn-in, mcmc steps: 0 1000000 
# n temperatures: 1 
#  T, rate, Proposal(shape,W1,W2,p1):   1.00000  1.00000      gaussian  0.65410  0.70758  0.00000 
#  n_bins: 4 n_bins_1d: 360 
# seed: 178657  chain_type: mcmc neighbor_swap_only: 1 
    1000 0.08057482 0.07637313  0.1432641    0.13095  0.3989633  0.2028522 
    2000 0.03920947 0.05226837 0.09995205     0.0924  0.2867456  0.1438029 
    4000 0.01973624 0.03617406 0.06744227     0.0648  0.2041394  0.1025505 
    8000 0.01066759 0.02524902 0.04637302   0.046995  0.1448025 0.07294153 
   16000 0.005323801 0.01873963  0.0356345 0.03281125  0.1026247 0.05159851 
   32000 0.002150301 0.01308758 0.02439099 0.02251625 0.07275663  0.0363846 
   64000 0.001068818 0.008988324 0.01640375 0.01604844  0.0514491 0.02567731 
  128000 0.0005253087 0.006325573 0.01139357 0.01142898 0.03632493 0.01819689 
  256000 0.0002476683 0.004425666 0.007821107 0.008045313 0.02557544 0.01289525 
  512000 0.0001303588 0.003185927 0.005559365 0.005760684 0.01819063 0.009104836 
 1000000 7.031864e-05 0.002292403 0.004009986 0.00410734 0.01298127 0.006504447 

# /home/tomfy/mcmc_toy/src/mcmc_toy; 4; 1; 0.0; 1.0; 1.0; 1000000; 1; 1; 1; gaussian; 0.6541; 0.841457069611991; 0; 4; 360; 776921; mcmc; 1; 
# n_dimensions: 4 
# n_peaks: 1 
# peak 0; position,sigma,weight:  0.00000  1.00000  1.00000 
# target mean, variance:                0                1 
# burn-in, mcmc steps: 0 1000000 
# n temperatures: 1 
#  T, rate, Proposal(shape,W1,W2,p1):   1.00000  1.00000      gaussian  0.65410  0.84146  0.00000 
#  n_bins: 4 n_bins_1d: 360 
# seed: 776921  chain_type: mcmc neighbor_swap_only: 1 
    1000 0.06541571 0.07479156  0.1330424    0.12992     0.4352    0.22302 
    2000 0.03157635 0.05237605 0.09314229     0.0905  0.3148767  0.1590328 
    4000 0.01659403 0.03687042 0.06641746  0.0648225  0.2244267  0.1135581 
    8000 0.007989258 0.02572754 0.04558101 0.04541125  0.1592846 0.08040389 
   16000 0.003947902 0.01775213 0.03156218 0.03196875  0.1123147 0.05672075 
   32000 0.001936792 0.01241984 0.02153614 0.02155594 0.07902941 0.03988306 
   64000 0.0009527582 0.008382105 0.01475001 0.01522891 0.05627434 0.02828621 
  128000 0.0004874727 0.006291439 0.01143634 0.01066211 0.03990143 0.01994104 
  256000 0.0002395646 0.004419212 0.008137936 0.007611758  0.0282347 0.01413369 
  512000 0.0001119892 0.002989989 0.005181518 0.005448067 0.01986208 0.009963503 
 1000000 6.046503e-05 0.002147943 0.003794627 0.00387082 0.01420649 0.007132898 

# /home/tomfy/mcmc_toy/src/mcmc_toy; 4; 1; 0.0; 1.0; 1.0; 1000000; 1; 1; 1; gaussian; 0.6541; 1.00066673415192; 0; 4; 360; 895870; mcmc; 1; 
# n_dimensions: 4 
# n_peaks: 1 
# peak 0; position,sigma,weight:  0.00000  1.00000  1.00000 
# target mean, variance:                0                1 
# burn-in, mcmc steps: 0 1000000 
# n temperatures: 1 
#  T, rate, Proposal(shape,W1,W2,p1):   1.00000  1.00000      gaussian  0.65410  1.00067  0.00000 
#  n_bins: 4 n_bins_1d: 360 
# seed: 895870  chain_type: mcmc neighbor_swap_only: 1 
    1000 0.05501675  0.0756491  0.1294973    0.13057  0.4783433    0.24874 
    2000 0.02996258 0.05325446 0.09204123   0.089845  0.3488561  0.1777564 
    4000 0.01607762 0.03841564 0.06448026  0.0642025  0.2509919  0.1262352 
    8000 0.007351921 0.02705042 0.04427129   0.044895  0.1789625 0.08951875 
   16000 0.003666124 0.01957994 0.03307249 0.03195187  0.1270953 0.06328618 
   32000 0.001560899 0.01285177 0.02115531 0.02256031 0.08929038 0.04447595 
   64000 0.000868383 0.009237439 0.01525189 0.01618703 0.06298597 0.03144752 
  128000 0.00045045 0.006776447 0.01092841 0.01128063 0.04518453 0.02232691 
  256000 0.0002099796 0.004755311 0.00790724 0.007916094 0.03194173 0.01584372 
  512000 0.0001169627 0.003283605 0.005518552 0.005837793 0.02246472 0.01120707 
 1000000 6.092046e-05 0.002371673 0.003921916 0.00421752 0.01607451 0.00808856 

# /home/tomfy/mcmc_toy/src/mcmc_toy; 4; 1; 0.0; 1.0; 1.0; 1000000; 1; 1; 1; gaussian; 0.6541; 1.19; 0; 4; 360; 180578; mcmc; 1; 
# n_dimensions: 4 
# n_peaks: 1 
# peak 0; position,sigma,weight:  0.00000  1.00000  1.00000 
# target mean, variance:                0                1 
# burn-in, mcmc steps: 0 1000000 
# n temperatures: 1 
#  T, rate, Proposal(shape,W1,W2,p1):   1.00000  1.00000      gaussian  0.65410  1.19000  0.00000 
#  n_bins: 4 n_bins_1d: 360 
# seed: 180578  chain_type: mcmc neighbor_swap_only: 1 
    1000   0.055787 0.07812273  0.1224128    0.13654  0.5338933  0.2854583 
    2000 0.02870012 0.05664392 0.09016675    0.09656  0.3949406  0.2044757 
    4000  0.0134267 0.04103907 0.06444832   0.068205  0.2857586   0.144544 
    8000 0.006709431 0.02861877 0.04524296    0.04801   0.203286  0.1024962 
   16000 0.003316056  0.0201015 0.03138479 0.03418875  0.1448307 0.07250661 
   32000 0.001681945 0.01451342 0.02291742 0.02412656  0.1028751 0.05151331 
   64000 0.0008580516 0.01000299 0.01571362 0.01706359 0.07257745 0.03642022 
  128000 0.0004379457 0.007118309 0.01115358 0.01228102 0.05155819  0.0258115 
  256000 0.0002373242 0.005055653 0.008215678 0.008804688 0.03633619 0.01823961 
  512000 9.968266e-05 0.003546437 0.005725102 0.006161582 0.02584803 0.01298137 
 1000000 4.800612e-05 0.00258034 0.004086833 0.00428403 0.01856201 0.009216449 

# /home/tomfy/mcmc_toy/src/mcmc_toy; 4; 1; 0.0; 1.0; 1.0; 1000000; 1; 1; 1; gaussian; 0.6541; 1.41515646685324; 0; 4; 360; 524478; mcmc; 1; 
# n_dimensions: 4 
# n_peaks: 1 
# peak 0; position,sigma,weight:  0.00000  1.00000  1.00000 
# target mean, variance:                0                1 
# burn-in, mcmc steps: 0 1000000 
# n temperatures: 1 
#  T, rate, Proposal(shape,W1,W2,p1):   1.00000  1.00000      gaussian  0.65410  1.41516  0.00000 
#  n_bins: 4 n_bins_1d: 360 
# seed: 524478  chain_type: mcmc neighbor_swap_only: 1 
    1000 0.05718496 0.08721303  0.1261227    0.15235  0.6026589  0.3320042 
    2000 0.02830872 0.06191304 0.09034831   0.106535    0.45643  0.2406674 
    4000  0.0122661 0.04465471 0.06408406  0.0739975  0.3310303  0.1690873 
    8000 0.006366503 0.03054878 0.04486879   0.054525  0.2381488  0.1209709 
   16000 0.003191792 0.02084589 0.03060381 0.03831375  0.1707051 0.08620344 
   32000 0.001684974 0.01539189 0.02210348 0.02737656  0.1212385  0.0608813 
   64000 0.0008469834 0.01136644 0.01625892 0.01882297 0.08616115 0.04332046 
  128000 0.0004092907 0.008012495 0.01212008  0.0135075 0.06119347 0.03070936 
  256000 0.0001852467 0.00547422 0.008340343 0.009484492 0.04331497 0.02160892 
  512000 0.0001021805 0.003823615 0.005754346 0.006722383 0.03035802 0.01524304 
 1000000 5.244696e-05 0.002843087 0.004231017 0.00483304 0.02178602 0.01087354 

# /home/tomfy/mcmc_toy/src/mcmc_toy; 4; 1; 0.0; 1.0; 1.0; 1000000; 1; 1; 1; gaussian; 0.6541; 1.68291413922398; 0; 4; 360; 846550; mcmc; 1; 
# n_dimensions: 4 
# n_peaks: 1 
# peak 0; position,sigma,weight:  0.00000  1.00000  1.00000 
# target mean, variance:                0                1 
# burn-in, mcmc steps: 0 1000000 
# n temperatures: 1 
#  T, rate, Proposal(shape,W1,W2,p1):   1.00000  1.00000      gaussian  0.65410  1.68291  0.00000 
#  n_bins: 4 n_bins_1d: 360 
# seed: 846550  chain_type: mcmc neighbor_swap_only: 1 
    1000 0.06670209  0.1010755  0.1429326   0.183095  0.6745022  0.3965381 
    2000 0.03213953 0.07115287   0.101226    0.12857  0.5316372  0.2905739 
    4000  0.0147695 0.04935045 0.06891162  0.0900625  0.3967408  0.2070295 
    8000 0.007919289 0.03610921 0.05141275  0.0627925  0.2880078  0.1467747 
   16000 0.004054883 0.02671341 0.03744039 0.04544625  0.2073051  0.1052002 
   32000 0.001979019 0.01825258  0.0258154 0.03277344   0.147198 0.07403991 
   64000 0.001031948 0.01325736 0.01888009 0.02259859  0.1046219 0.05238017 
  128000 0.0004950228 0.009437168 0.01389736 0.01593555 0.07427062 0.03697502 
  256000 0.0002750137 0.006455365 0.009485532 0.01167969 0.05250141 0.02633688 
  512000 0.0001482757 0.004658002  0.0068341 0.007986172 0.03691596 0.01852352 
 1000000 7.126902e-05 0.003255229 0.004627776 0.00563542 0.02649603 0.01323455 

# /home/tomfy/mcmc_toy/src/mcmc_toy; 4; 1; 0.0; 1.0; 1.0; 1000000; 1; 1; 1; gaussian; 0.6541; 2.00133346830384; 0; 4; 360; 481926; mcmc; 1; 
# n_dimensions: 4 
# n_peaks: 1 
# peak 0; position,sigma,weight:  0.00000  1.00000  1.00000 
# target mean, variance:                0                1 
# burn-in, mcmc steps: 0 1000000 
# n temperatures: 1 
#  T, rate, Proposal(shape,W1,W2,p1):   1.00000  1.00000      gaussian  0.65410  2.00133  0.00000 
#  n_bins: 4 n_bins_1d: 360 
# seed: 481926  chain_type: mcmc neighbor_swap_only: 1 
    1000 0.08237807  0.1284334  0.1757063    0.21747  0.7541156  0.4752889 
    2000 0.03705592 0.08866294  0.1195638    0.15549  0.6208783   0.353436 
    4000   0.019871 0.06511379 0.08669276     0.1128  0.4768325  0.2568742 
    8000 0.01020494 0.04486527 0.06046083 0.07761625   0.355551  0.1848512 
   16000 0.004682779  0.0319391 0.04262471  0.0546325  0.2564524  0.1308013 
   32000 0.002408929 0.02204638 0.03000997 0.03813187   0.183403 0.09286079 
   64000 0.001201733 0.01621016 0.02182638 0.02771938  0.1315438 0.06578846 
  128000 0.000710134 0.01174221 0.01611871 0.01934273 0.09296617 0.04627871 
  256000 0.0003175116 0.008059027 0.01083478 0.01367891 0.06520731 0.03284624 
  512000 0.0001515834 0.005459581 0.00745145 0.009486192 0.04613718 0.02317952 
 1000000 7.689416e-05 0.004027399 0.005489475 0.00690444 0.03315297 0.01662842 

# /home/tomfy/mcmc_toy/src/mcmc_toy; 4; 1; 0.0; 1.0; 1.0; 1000000; 1; 1; 1; gaussian; 0.6541; 2.38; 0; 4; 360; 806328; mcmc; 1; 
# n_dimensions: 4 
# n_peaks: 1 
# peak 0; position,sigma,weight:  0.00000  1.00000  1.00000 
# target mean, variance:                0                1 
# burn-in, mcmc steps: 0 1000000 
# n temperatures: 1 
#  T, rate, Proposal(shape,W1,W2,p1):   1.00000  1.00000      gaussian  0.65410  2.38000  0.00000 
#  n_bins: 4 n_bins_1d: 360 
# seed: 806328  chain_type: mcmc neighbor_swap_only: 1 
    1000  0.1120518  0.1580117  0.2140075    0.28295  0.8252944  0.5749697 
    2000 0.05167908  0.1066654  0.1462798   0.195725  0.7106667  0.4378708 
    4000 0.02329375 0.07470325 0.09733196  0.1367225  0.5714906  0.3229326 
    8000 0.01248294 0.05321419 0.07204434   0.097565  0.4352964  0.2334012 
   16000 0.007609822  0.0408211 0.05350706 0.06909063  0.3224896  0.1664683 
   32000 0.00339048 0.02864329 0.03709793 0.04698625  0.2338611  0.1184129 
   64000 0.001716735 0.01956406 0.02604651 0.03471875  0.1673669 0.08369164 
  128000 0.0008732338 0.01421571 0.01953304 0.02462742  0.1194501 0.05911136 
  256000 0.0004543162 0.01031091 0.01373008 0.01711594 0.08410087 0.04221352 
  512000 0.0002488959   0.007121 0.009361522 0.01248236 0.05963833 0.02976882 
 1000000 0.0001282584 0.005073112 0.006735418 0.00894224 0.04264468 0.02142434 

# /home/tomfy/mcmc_toy/src/mcmc_toy; 4; 1; 0.0; 1.0; 1.0; 1000000; 1; 1; 1; gaussian; 0.6541; 2.83031293370647; 0; 4; 360; 352337; mcmc; 1; 
# n_dimensions: 4 
# n_peaks: 1 
# peak 0; position,sigma,weight:  0.00000  1.00000  1.00000 
# target mean, variance:                0                1 
# burn-in, mcmc steps: 0 1000000 
# n temperatures: 1 
#  T, rate, Proposal(shape,W1,W2,p1):   1.00000  1.00000      gaussian  0.65410  2.83031  0.00000 
#  n_bins: 4 n_bins_1d: 360 
# seed: 352337  chain_type: mcmc neighbor_swap_only: 1 
    1000  0.1786552   0.198635  0.2580885   0.338575  0.8826311  0.6742103 
    2000 0.09983904  0.1455227   0.193853     0.2538   0.794385  0.5374836 
    4000 0.04692965  0.1064194  0.1372822   0.186725  0.6765164  0.4107265 
    8000 0.02368407 0.07223106 0.09385114  0.1296875  0.5397285  0.3018097 
   16000 0.01113728 0.05141622 0.06792931   0.091215  0.4089877  0.2175784 
   32000 0.005302129 0.03643253 0.04762324 0.06364875  0.3006611  0.1547364 
   64000 0.002397685 0.02516672 0.03256873 0.04533781  0.2169074  0.1102194 
  128000 0.001425741 0.01808809 0.02394593  0.0330693  0.1546397 0.07827881 
  256000 0.0007092197 0.01284224 0.01688258 0.02351793  0.1108353 0.05586509 
  512000 0.0003432331 0.009106476 0.01162808 0.01664299 0.07795761 0.03937088 
 1000000 0.0001744701 0.006788455 0.008840178 0.01150392  0.0558556 0.02799236 

