#  nT     T_hot    cold_rate  n_pi_eval  gen    n_try    n_acc    tvd_ndim   tvd_orth   tvd_refl   tvd_1d1   tvd_1dall     dmusq      ksd       edfs       sq_avg_q    sq_avg_p      T 
    1    1.0000          1     1000     1000     1000       29     0.89725     0.4435     0.5295  0.9247778    0.79375   0.6084615  0.5055419  0.7442992   0.407044         -1        1  
    1    1.0000          1     2000     2000     2000       72   0.7792187     0.3825      0.318  0.8325556   0.610875   0.1099302  0.2519174  0.3308995   0.208849         -1        1  
    1    1.0000          1     4000     4000     4000      137   0.6881562    0.28925     0.3115  0.7430556   0.486375   0.0164759  0.1225062  0.1690449  0.2242022         -1        1  
    1    1.0000          1     8000     8000     8000      352   0.4858438   0.152375     0.1935  0.5590139  0.3306979  0.02823727  0.1322562  0.1535041 0.07700625         -1        1  
    1    1.0000          1    16000    16000    16000      656     0.36225    0.10575  0.1188125  0.4314722  0.2342135  0.009929919 0.07208501  0.1013152 0.01788906         -1        1  
    1    1.0000          1    32000    32000    32000     1344     0.25825 0.06465625 0.09209375  0.3182778  0.1584748  0.002605199 0.03450593 0.03482214   0.000225         -1        1  
    1    1.0000          1    64000    64000    64000     2846     0.18325 0.04803125 0.06410938  0.2308142  0.1186076  0.0003884768 0.02202928  0.0223509 0.0001293906         -1        1  
    1    1.0000          1   128000   128000   128000     5743   0.1261328    0.04075 0.04527344  0.1608064 0.07558723  0.0009736214 0.02347124 0.02134572 0.0004215322         -1        1  
    1    1.0000          1   256000   256000   256000    11921  0.08475391 0.02615625 0.02639062  0.1131962 0.05277853  0.0002762332 0.009176648 0.01122497 0.0001395352         -1        1  
    1    1.0000          1   512000   512000   512000    24172    0.058125 0.01866406  0.0165957 0.07526888 0.03572546  0.0001670256 0.00625451  0.0075786 0.0002568757         -1        1  
    1    1.0000          1  1000000  1000000  1000000    47408  0.04585175   0.017058   0.010547  0.0583579 0.02778275  9.693722e-05 0.008188276 0.007790236 0.0002192769         -1        1  
