# T:          1         0        0      90910    27207     90910    28405 
# T:          3         0        0      90910    27295     90910    28803 
# T:          9         0        0      90910    26955     90910    28197 
# T:         27         0        0      90910    27206     90910    28569 
# T:         81         0        0      90910    27624     90910    30466 
# T:        243         0        0      90910    34772     90910    38474 
# T:        729         0        0      90910    41260     90910    38161 
# T:       2187         0        0      90910    38158     90910    34572 
# T:       6561         0        0      90910    33988     90910    31498 
# T:      19683         0        0      90910    31315     90910    30457 
# T:      59049         0        0      90910    29418 
