#  nT     T_hot    cold_rate  n_pi_eval  gen    n_try    n_acc    tvd_ndim   tvd_orth   tvd_refl   tvd_1d1   tvd_1dall     dmusq      ksd       edfs       sq_avg_q    sq_avg_p      T 
    2 23170.4750          1     2000     1000     1000      365       0.875       0.75       0.75  0.8195556  0.6887778    4.540052  0.7619111  0.5455333   0.007056         -1        1  
    2 23170.4750          1     4000     2000     2000      690       0.875       0.75       0.75  0.8083333      0.701    3.264401  0.7619111    0.24505   0.002401         -1        1  
    2 23170.4750          1     8000     4000     4000     1396     0.87475       0.75       0.75  0.8080833  0.7475833    2.806818  0.7616611  0.7464065   0.000441         -1        1  
    2 23170.4750          1    16000     8000     8000     2844    0.605625    0.47575    0.47575  0.5480139   0.553625    1.123622  0.4874111  0.7697313 0.0003705625         -1        1  
    2 23170.4750          1    32000    16000    16000     5625   0.5184375  0.3986875  0.3986875  0.3864653  0.3635555   0.6937071  0.3163441  0.6334787 0.0003515625         -1        1  
    2 23170.4750          1    64000    32000    32000    11220   0.4874062  0.2329687  0.2329687  0.1376874   0.181566  0.05636799 0.04762008  0.1102967 0.0001722656         -1        1  
    2 23170.4750          1   128000    64000    64000    22589   0.2731562  0.1168125  0.1168125  0.1791094  0.1600287  0.003302125  0.1086128  0.2714091 7.119141e-07         -1        1  
    2 23170.4750          1   256000   128000   128000    45441   0.1492109   0.092625   0.092625  0.1064809 0.06752819  0.06782417 0.08847815  0.2439138 1.203223e-05         -1        1  
    2 23170.4750          1   512000   256000   256000    91074   0.1495781  0.1030469  0.1030469  0.1161562 0.05619188  0.05016163 0.07164611  0.1273076 4.515625e-06         -1        1  
    2 23170.4750          1  1000000   500000   500000   177609    0.099874   0.088556   0.088556 0.05157738  0.0739821  0.04152147 0.04020153 0.08040323 1.9044e-06         -1        1  
