#  nT     T_hot    cold_rate  n_pi_eval  gen    n_try    n_acc    tvd_ndim   tvd_orth   tvd_refl   tvd_1d1   tvd_1dall     dmusq      ksd       edfs       sq_avg_q    sq_avg_p      T 
    2 23170.4750          1     2000     1000     1000      448       0.396      0.396 0.01899999  0.5161111  0.5161111   0.1568018  0.3960671  0.3871147   0.001444         -1        1  
    2 23170.4750          1     4000     2000     2000      894       0.114      0.114 0.01150001  0.3316666  0.3316666  0.01303752   0.121184  0.1136662   0.000529         -1        1  
    2 23170.4750          1     8000     4000     4000     1750     0.25525    0.25525 0.01725001  0.3133333  0.3133333  0.06540007  0.2557713    0.25536 0.00119025         -1        1  
    2 23170.4750          1    16000     8000     8000     3489    0.176875   0.176875 0.0003750119  0.2188055  0.2188055  0.03125905  0.1778963  0.1765483  5.625e-07         -1        1  
    2 23170.4750          1    32000    16000    16000     7038   0.0743125  0.0743125 0.0004374881  0.1321459  0.1321459  0.005603628 0.07442021 0.07471206 7.65625e-07         -1        1  
    2 23170.4750          1    64000    32000    32000    14055   0.0079375  0.0079375 0.001687512 0.07834022 0.07834022  6.397069e-05 0.008415004 0.007963683 1.139062e-05         -1        1  
    2 23170.4750          1   128000    64000    64000    28303  0.01779687 0.01779687 0.002656262 0.05868406 0.05868406  0.0003140631 0.01867473 0.01779021 2.822266e-05         -1        1  
    2 23170.4750          1   256000   128000   128000    56773  0.00953125 0.00953125 0.0007890506 0.04295491 0.04295491  9.122558e-05 0.01011018 0.009544726 2.490479e-06         -1        1  
    2 23170.4750          1   512000   256000   256000   113645  0.01791016 0.01791016 0.002808582 0.03338331 0.03338331  0.0003222148 0.01822484 0.01794575 3.15528e-05         -1        1  
    2 23170.4750          1  1000000   500000   500000   222210     0.01933    0.01933 0.001829988 0.02647425 0.02647425  0.0003731832 0.01948686  0.0193174 1.33956e-05         -1        1  
