# T:          1         0        0      62500    17548     62500    19218 
# T:    1.82344         0        0      62500    17221     62500    24811 
# T:    3.32495         0        0      62500    17546     62500    27866 
# T:    6.06287         0        0      62500    17428     62500    29463 
# T:    11.0553         0        0      62500    17600     62500    31132 
# T:    20.1587         0        0      62500    19486     62500    34362 
# T:    36.7583         0        0      62500    25238     62500    40161 
# T:    67.0268         0        0      62500    32480     62500    44248 
# T:     122.22         0        0      62500    37656     62500    45483 
# T:    222.861         0        0      62500    39212     62500    44308 
# T:    406.375         0        0      62500    37999     62500    42316 
# T:    741.002         0        0      62500    35293     62500    40193 
# T:    1351.18         0        0      62500    32507     62500    38155 
# T:     2463.8         0        0      62500    29449     62500    36641 
# T:     4492.6         0        0      62500    27094     62500    34807 
# T:       8192         0        0      62500    24974 
