#  nT     T_hot    cold_rate  n_pi_eval  gen    n_try    n_acc    tvd_ndim   tvd_orth   tvd_refl   tvd_1d1   tvd_1dall     dmusq      ksd       edfs       sq_avg_q    sq_avg_p      T 
    2 23170.4750          1     2000     1000     1000      338      0.8125        0.5        0.5  0.5572222  0.5885556      2.6619  0.3000425 0.02017217   0.002916         -1        1  
    2 23170.4750          1     4000     2000     2000      700      0.8125        0.5        0.5  0.4672222  0.5272779    2.661159  0.2996792 0.02155643   0.009216         -1        1  
    2 23170.4750          1     8000     4000     4000     1457     0.73625    0.44375    0.44375  0.3266944   0.439125    2.142966  0.2233411  0.2265048   0.006084         -1        1  
    2 23170.4750          1    16000     8000     8000     2887       0.481       0.25       0.25    0.36075  0.2495556   0.2621007  0.2410415  0.2390648 0.001207563         -1        1  
    2 23170.4750          1    32000    16000    16000     5772   0.4473125  0.3418125  0.3418125  0.5586458  0.2328646    0.120257  0.4701566  0.4704669 0.00093025         -1        1  
    2 23170.4750          1    64000    32000    32000    11424     0.45875   0.370125   0.370125  0.6049514   0.203342   0.1904362  0.5163661  0.5945428 0.0005204102         -1        1  
    2 23170.4750          1   128000    64000    64000    22916   0.2684844  0.2100312  0.2100312  0.3679045  0.1050868  0.03484827  0.2948192  0.3652654 0.00020754         -1        1  
    2 23170.4750          1   256000   128000   128000    45814   0.1685391  0.1051172  0.1051172  0.1468248 0.08291193  0.007913655 0.06907552  0.1354196 1.927759e-05         -1        1  
    2 23170.4750          1   512000   256000   256000    91780    0.128875 0.07910937 0.07910937  0.1439276 0.05155104  0.007232991 0.07612285  0.1619127 2.570807e-05         -1        1  
    2 23170.4750          1  1000000   500000   500000   178724    0.138306    0.07461    0.07461   0.127326 0.06152811  0.01119496 0.07580253   0.136183 1.74724e-05         -1        1  
