# T:          1         0        0      62500    20248     62500    41167 
# T:     1.7411         0        0      62500    20049     62500    41283 
# T:    3.03143         0        0      62500    20326     62500    41206 
# T:    5.27803         0        0      62500    20331     62500    41365 
# T:    9.18959         0        0      62500    20719     62500    41668 
# T:         16         0        0      62500    22481     62500    43152 
# T:    27.8576         0        0      62500    26045     62500    45035 
# T:    48.5029         0        0      62500    29285     62500    46156 
# T:    84.4485         0        0      62500    30135     62500    45843 
# T:    147.033         0        0      62500    29330     62500    45152 
# T:        256         0        0      62500    27765     62500    44275 
# T:    445.722         0        0      62500    25960     62500    43823 
# T:    776.047         0        0      62500    24467     62500    43159 
# T:    1351.18         0        0      62500    23387     62500    42561 
# T:    2352.53         0        0      62500    22663     62500    42097 
# T:       4096         0        0      62500    22069 
