# T:          1         0        0      62500    16837     62500     9547 
# T:    1.82344         0        0      62500    16699     62500    15896 
# T:    3.32495         0        0      62500    16790     62500    20907 
# T:    6.06287         0        0      62500    16865     62500    23239 
# T:    11.0553         0        0      62500    16972     62500    25523 
# T:    20.1587         0        0      62500    18705     62500    30502 
# T:    36.7583         0        0      62500    23850     62500    36953 
# T:    67.0268         0        0      62500    30551     62500    41522 
# T:     122.22         0        0      62500    36007     62500    42415 
# T:    222.861         0        0      62500    37518     62500    41211 
# T:    406.375         0        0      62500    36379     62500    38756 
# T:    741.002         0        0      62500    34081     62500    36373 
# T:    1351.18         0        0      62500    31158     62500    34254 
# T:     2463.8         0        0      62500    28719     62500    32574 
# T:     4492.6         0        0      62500    26156     62500    30667 
# T:       8192         0        0      62500    23803 
