# T:          1         0        0      38462    12295     38462    24003 
# T:        1.5         0        0      38462    12181     38462    25381 
# T:       2.25         0        0      38462    12213     38462    26746 
# T:      3.375         0        0      38462    12448     38462    27699 
# T:     5.0625         0        0      38462    12328     38462    28263 
# T:    7.59375         0        0      38462    12349     38462    28627 
# T:    11.3906         0        0      38462    12354     38462    28652 
# T:    17.0859         0        0      38462    12262     38462    28628 
# T:    25.6289         0        0      38462    12206     38462    28792 
# T:    38.4434         0        0      38462    12348     38462    28689 
# T:     57.665         0        0      38462    13007     38462    29153 
# T:    86.4976         0        0      38462    14720     38462    30111 
# T:    129.746         0        0      38462    17425     38462    31205 
# T:     194.62         0        0      38462    20978     38462    32466 
# T:    291.929         0        0      38462    23747     38462    33240 
# T:    437.894         0        0      38462    25606     38462    33767 
# T:    656.841         0        0      38462    26582     38462    33766 
# T:    985.261         0        0      38462    26593     38462    33678 
# T:    1477.89         0        0      38462    25783     38462    33230 
# T:    2216.84         0        0      38462    24882     38462    32744 
# T:    3325.26         0        0      38462    23557     38462    32390 
# T:    4987.89         0        0      38462    22294     38462    31903 
# T:    7481.83         0        0      38462    21017     38462    31387 
# T:    11222.7         0        0      38462    19847     38462    31130 
# T:    16834.1         0        0      38462    18642     38462    30971 
# T:    25251.2         0        0      38462    17537 
