# /home/tomfy/mcmc_toy/src/mcmc_toy; 6; 1; 0.0; 1.0; 1.0; 1000000; 1; 1; 1; gaussian; 5454; 0.485815465651997; 0; 4; 360; 391638; mcmc; 1; 
# n_dimensions: 6 
# n_peaks: 1 
# peak 0; position,sigma,weight:  0.00000  1.00000  1.00000 
# target mean, variance:                0                1 
# burn-in, mcmc steps: 0 1000000 
# n temperatures: 1 
#  T, rate, Proposal(shape,W1,W2,p1):   1.00000  1.00000      gaussian 5454.00000  0.48582  0.00000 
#  n_bins: 4 n_bins_1d: 360 
# seed: 391638  chain_type: mcmc neighbor_swap_only: 1 
    1000  0.2036335 0.09380351  0.1791271   0.268175  0.3797011  0.1587689 
    2000  0.1090096 0.06758129  0.1292996  0.1950575  0.2741239  0.1128403 
    4000 0.05136043 0.04267351  0.0806212    0.13789   0.193835 0.07982861 
    8000 0.02575928 0.03018859 0.05909095    0.09778  0.1379058 0.05651667 
   16000 0.01268058  0.0232627 0.04501958    0.06891 0.09795278 0.03994844 
   32000 0.00627654 0.01627073 0.03149248 0.04897656 0.06880694 0.02806958 
   64000 0.003106492 0.01159526 0.02273452 0.03474031 0.04857903 0.01988277 
  128000 0.001460562 0.008176783 0.01576163 0.02431266 0.03424097 0.01401746 
  256000 0.0007831959 0.005616195 0.01115827 0.01735805 0.02434216 0.01003818 
  512000 0.0003995176 0.003897768 0.007879131 0.01212883 0.01719163 0.007050413 
 1000000 0.0002104112 0.002931923 0.005783474 0.00879343  0.0124192 0.005087438 

# /home/tomfy/mcmc_toy/src/mcmc_toy; 6; 1; 0.0; 1.0; 1.0; 1000000; 1; 1; 1; gaussian; 5454; 0.687046820335655; 0; 4; 360; 538042; mcmc; 1; 
# n_dimensions: 6 
# n_peaks: 1 
# peak 0; position,sigma,weight:  0.00000  1.00000  1.00000 
# target mean, variance:                0                1 
# burn-in, mcmc steps: 0 1000000 
# n temperatures: 1 
#  T, rate, Proposal(shape,W1,W2,p1):   1.00000  1.00000      gaussian 5454.00000  0.68705  0.00000 
#  n_bins: 4 n_bins_1d: 360 
# seed: 538042  chain_type: mcmc neighbor_swap_only: 1 
    1000  0.1274691 0.08370109  0.1526363   0.249585  0.4424378  0.1879572 
    2000 0.06725271 0.05683337  0.1048434  0.1785538  0.3209794  0.1344642 
    4000 0.03518786 0.04103164 0.07551299  0.1291163  0.2293942 0.09491847 
    8000 0.01710149 0.02928467 0.05287015  0.0902575  0.1624467 0.06697403 
   16000 0.008604044  0.0198436 0.03668148  0.0636325  0.1150165 0.04734521 
   32000 0.00437028  0.0140654 0.02549195 0.04535875 0.08215306 0.03379755 
   64000 0.002255533 0.01025756 0.01876079 0.03213375  0.0582145 0.02378188 
  128000 0.00109823 0.007189564 0.01285898 0.02241883 0.04088288  0.0167892 
  256000 0.0005018436 0.005064997 0.00893887 0.01576328 0.02892755 0.01189855 
  512000 0.0002678501 0.003643572 0.006616158 0.01131955 0.02028836 0.008373226 
 1000000 0.000129326 0.002554897 0.004575171 0.00797015 0.01454171 0.005971934 

# /home/tomfy/mcmc_toy/src/mcmc_toy; 6; 1; 0.0; 1.0; 1.0; 1000000; 1; 1; 1; gaussian; 5454; 0.971630931303994; 0; 4; 360; 555071; mcmc; 1; 
# n_dimensions: 6 
# n_peaks: 1 
# peak 0; position,sigma,weight:  0.00000  1.00000  1.00000 
# target mean, variance:                0                1 
# burn-in, mcmc steps: 0 1000000 
# n temperatures: 1 
#  T, rate, Proposal(shape,W1,W2,p1):   1.00000  1.00000      gaussian 5454.00000  0.97163  0.00000 
#  n_bins: 4 n_bins_1d: 360 
# seed: 555071  chain_type: mcmc neighbor_swap_only: 1 
    1000  0.1179607 0.08332454  0.1406267    0.27828    0.55111  0.2447417 
    2000 0.05750724  0.0613977   0.100559  0.1981625  0.4093406  0.1723903 
    4000 0.02824977 0.04359021 0.07203512  0.1405325  0.2962017  0.1236539 
    8000 0.01539041 0.03219926 0.05154646   0.100715  0.2129946 0.08786673 
   16000 0.007317519 0.02431207 0.04085996 0.07100937  0.1518372 0.06236274 
   32000 0.003401518 0.01681512 0.02697668 0.05050281  0.1076067 0.04401771 
   64000 0.001671975 0.01159723 0.01916981 0.03564578 0.07605601 0.03092878 
  128000 0.0008786519 0.007964606 0.01303795 0.02548875 0.05345109 0.02191131 
  256000 0.0004728495 0.005474292 0.008919262 0.01801016 0.03815669 0.01562005 
  512000 0.0002403162 0.003906209 0.00647157 0.01268682 0.02711324 0.01104268 
 1000000 0.000126744 0.002807397 0.004594566 0.00915404 0.01928786 0.007854262 

# /home/tomfy/mcmc_toy/src/mcmc_toy; 6; 1; 0.0; 1.0; 1.0; 1000000; 1; 1; 1; gaussian; 5454; 1.37409364067131; 0; 4; 360; 587180; mcmc; 1; 
# n_dimensions: 6 
# n_peaks: 1 
# peak 0; position,sigma,weight:  0.00000  1.00000  1.00000 
# target mean, variance:                0                1 
# burn-in, mcmc steps: 0 1000000 
# n temperatures: 1 
#  T, rate, Proposal(shape,W1,W2,p1):   1.00000  1.00000      gaussian 5454.00000  1.37409  0.00000 
#  n_bins: 4 n_bins_1d: 360 
# seed: 587180  chain_type: mcmc neighbor_swap_only: 1 
    1000  0.1418385   0.116905   0.168062  0.3759887  0.7072578  0.3525878 
    2000 0.07031223 0.08212779  0.1230911  0.2733688  0.5659567  0.2570031 
    4000  0.0363287 0.05878272 0.08539807  0.1988388  0.4291872  0.1847458 
    8000 0.01776045 0.03950382 0.05713028  0.1406238  0.3142467  0.1324407 
   16000 0.008906053 0.03121949 0.04743518  0.1004837  0.2262084 0.09447382 
   32000 0.003981764 0.02138458 0.03192421 0.06979688  0.1627071  0.0666358 
   64000 0.002184078 0.01508382 0.02301998 0.04984734   0.115026 0.04704167 
  128000 0.001058765 0.01066454 0.01651787 0.03499336 0.08107378 0.03333505 
  256000 0.0005488716 0.007836457 0.01172713 0.02509598  0.0572774 0.02358598 
  512000 0.0002627815 0.005446488 0.008014204 0.01795814 0.04058298 0.01672271 
 1000000 0.0001282966 0.003729805 0.005561751 0.01264251 0.02919297 0.01192018 

# /home/tomfy/mcmc_toy/src/mcmc_toy; 6; 1; 0.0; 1.0; 1.0; 1000000; 1; 1; 1; gaussian; 5454; 1.94326186260799; 0; 4; 360; 658048; mcmc; 1; 
# n_dimensions: 6 
# n_peaks: 1 
# peak 0; position,sigma,weight:  0.00000  1.00000  1.00000 
# target mean, variance:                0                1 
# burn-in, mcmc steps: 0 1000000 
# n temperatures: 1 
#  T, rate, Proposal(shape,W1,W2,p1):   1.00000  1.00000      gaussian 5454.00000  1.94326  0.00000 
#  n_bins: 4 n_bins_1d: 360 
# seed: 658048  chain_type: mcmc neighbor_swap_only: 1 
    1000  0.2512998   0.183211  0.2380311  0.5770863  0.8653978  0.5637411 
    2000  0.1250133  0.1369351  0.1801358  0.4493188  0.7724122  0.4359942 
    4000 0.06346033 0.09741677  0.1304647  0.3336713  0.6466167  0.3229118 
    8000 0.03533447  0.0678976 0.09179297  0.2456612  0.5088722  0.2351884 
   16000 0.01916082 0.04908161 0.06480344  0.1743312  0.3826021  0.1667791 
   32000 0.008876444 0.03624405 0.04806953  0.1267322   0.282421  0.1195707 
   64000 0.004498114 0.02574504 0.03374055 0.08976328  0.2050337 0.08452375 
  128000 0.002358996 0.01795271 0.02362349 0.06348664  0.1461739 0.05995713 
  256000 0.001199771 0.01256933 0.01686479 0.04489125  0.1036853 0.04255033 
  512000 0.0006376604 0.009372559 0.01203259 0.03209625 0.07387443 0.03024039 
 1000000 0.0002984524 0.006731731 0.008598659  0.0229822 0.05325462 0.02178728 

