#  nT     T_hot    cold_rate  n_pi_eval  gen    n_try    n_acc    tvd_ndim   tvd_orth   tvd_refl   tvd_1d1   tvd_1dall     dmusq      ksd       edfs       sq_avg_q    sq_avg_p      T 
    1    1.0000          1     1000     1000     1000       67   0.9833984    0.53525      0.495  0.8528889      0.507  0.07180283  0.1450688   0.161846     0.0025         -1        1  
    1    1.0000          1     2000     2000     2000      130   0.9680176    0.38425    0.45325  0.7373333  0.3943889  0.01500115 0.07606876 0.08697021   0.000529         -1        1  
    1    1.0000          1     4000     4000     4000      236   0.9438477     0.2975   0.308625  0.6201389    0.30425  0.01355903 0.07439914 0.07974457   0.011881         -1        1  
    1    1.0000          1     8000     8000     8000      401   0.9104492     0.2225   0.239625  0.5034861  0.2388264  0.002144857 0.03652506 0.04321928 0.01237656         -1        1  
    1    1.0000          1    16000    16000    16000      906   0.8213965    0.12975  0.1549375  0.3754931  0.1594097  0.002977914 0.02983585 0.03529943 0.0002175625         -1        1  
    1    1.0000          1    32000    32000    32000     1789   0.7135234  0.1048125  0.1259375  0.2706667  0.1155347  0.004637522 0.03844705 0.04935273 0.0002743164         -1        1  
    1    1.0000          1    64000    64000    64000     3480   0.5860156 0.08807813 0.09892187   0.198507 0.07610764  0.007830488 0.02988318 0.04806183 0.0008850625         -1        1  
    1    1.0000          1   128000   128000   128000     7095   0.4451387 0.06632031 0.06282812  0.1394462 0.05693012  0.001792362 0.02280217  0.0315969 0.001349414         -1        1  
    1    1.0000          1   256000   256000   256000    14188   0.3286738 0.04404297 0.03951953   0.101234 0.04070225  0.0008854372 0.01687384 0.01605294 9.159088e-05         -1        1  
    1    1.0000          1   512000   512000   512000    27864   0.2427188 0.03007813 0.02820703 0.07046419 0.03050964  0.0001818196 0.009558995 0.01074316 0.0001168257         -1        1  
    1    1.0000          1  1000000  1000000  1000000    54659   0.1744196   0.022306    0.01912 0.04898944 0.02181804  0.0002504926 0.00918177 0.01273596 4.456898e-05         -1        1  
