#  nT     T_hot    cold_rate  n_pi_eval  gen    n_try    n_acc    tvd_ndim   tvd_orth   tvd_refl   tvd_1d1   tvd_1dall     dmusq      ksd       edfs       sq_avg_q    sq_avg_p      T 
    4 23170.4750          1     4000     1000     1000      447       0.044      0.044      0.044   0.406222   0.406222  0.003847982  0.0583529 0.06279722   0.005476         -1        1  
    4 23170.4750          1     8000     2000     2000      858      0.0195 0.002500003 0.002500003   0.306111   0.306111  0.0004062088 0.02130881 0.04407975     0.0001         -1        1  
    4 23170.4750          1    16000     4000     4000     1780     0.04825     0.0425     0.0425  0.2361111  0.2361111  0.001574359 0.06918072 0.09127353 0.00042025         -1        1  
    4 23170.4750          1    32000     8000     8000     3544     0.05075    0.05075    0.05075  0.1817221  0.1817221  0.001455513 0.06551792 0.09268981 2.25625e-05         -1        1  
    4 23170.4750          1    64000    16000    16000     7176   0.0241875  0.0241875  0.0241875  0.1209096  0.1209096  2.654573e-05 0.02782388 0.03849216 1.139062e-05         -1        1  
    4 23170.4750          1   128000    32000    32000    14282   0.0268125  0.0268125  0.0268125 0.08535073 0.08535073  0.0005903779 0.03279881 0.03855193 2.081641e-05         -1        1  
    4 23170.4750          1   256000    64000    64000    28472  0.01735937 0.01690625 0.01690625 0.05782801 0.05782801  0.0005771186 0.02247058 0.02605872 1.5625e-08         -1        1  
    4 23170.4750          1   512000   128000   128000    57064  0.003617184 0.003617184 0.003617184 0.04109888 0.04109888  9.639012e-05 0.00975232 0.01533044 1.336816e-05         -1        1  
    4 23170.4750          1  1000000   250000   250000   111468  0.004951997 0.004951997 0.004951997 0.02880522 0.02880522  4.952814e-06 0.006410803 0.006604457 3.013696e-06         -1        1  
