# /home/tomfy/mcmc_toy/src/mcmc_toy; 7; 1; 0.0; 1.0; 1.0; 1000000; 1; 1; 1; gaussian; 0.4811; 0.44977772288098; 0; 4; 360; 402636; mcmc; 1; 
# n_dimensions: 7 
# n_peaks: 1 
# peak 0; position,sigma,weight:  0.00000  1.00000  1.00000 
# target mean, variance:                0                1 
# burn-in, mcmc steps: 0 1000000 
# n temperatures: 1 
#  T, rate, Proposal(shape,W1,W2,p1):   1.00000  1.00000      gaussian  0.48110  0.44978  0.00000 
#  n_bins: 4 n_bins_1d: 360 
# seed: 402636  chain_type: mcmc neighbor_swap_only: 1 
    1000  0.2500415 0.09544696  0.1867163  0.3575006  0.3806778  0.1479811 
    2000  0.1275368 0.06603885  0.1308812  0.2598469  0.2746683  0.1053567 
    4000  0.0654861 0.04672262 0.09224893  0.1866263  0.1946542 0.07523548 
    8000 0.03255191  0.0331074 0.06539137  0.1332325  0.1382836 0.05301308 
   16000 0.01754154 0.02306112 0.04523409 0.09565813 0.09846083 0.03716232 
   32000 0.008342719 0.01596636 0.03121343 0.06699156 0.06924566 0.02629178 
   64000 0.004176015 0.01136416 0.02233914 0.04776875 0.04917837  0.0188505 
  128000 0.002108265 0.008889272 0.01748146 0.03363766 0.03485164 0.01320829 
  256000 0.001090134 0.005886999 0.01135028 0.02381387 0.02470276 0.009306572 
  512000 0.000521486 0.004032363 0.008017153 0.01664014 0.01750768 0.006589418 
 1000000 0.000274584 0.003128624 0.006254351  0.0119994 0.01256859 0.004753939 

# /home/tomfy/mcmc_toy/src/mcmc_toy; 7; 1; 0.0; 1.0; 1.0; 1000000; 1; 1; 1; gaussian; 0.4811; 0.534878868219784; 0; 4; 360; 228762; mcmc; 1; 
# n_dimensions: 7 
# n_peaks: 1 
# peak 0; position,sigma,weight:  0.00000  1.00000  1.00000 
# target mean, variance:                0                1 
# burn-in, mcmc steps: 0 1000000 
# n temperatures: 1 
#  T, rate, Proposal(shape,W1,W2,p1):   1.00000  1.00000      gaussian  0.48110  0.53488  0.00000 
#  n_bins: 4 n_bins_1d: 360 
# seed: 228762  chain_type: mcmc neighbor_swap_only: 1 
    1000    0.20796 0.08626834  0.1622179  0.3458756    0.40928  0.1605178 
    2000  0.1107793 0.05993492  0.1126712  0.2524294  0.2964933  0.1142459 
    4000 0.05703412  0.0448062 0.08308128  0.1801969   0.211357 0.08052298 
    8000 0.02962114 0.03138708 0.06192499  0.1277019  0.1505031 0.05713159 
   16000 0.01426546 0.02203424  0.0429754 0.09070562  0.1062928 0.04044217 
   32000 0.006835943 0.01520981 0.02886735  0.0640475  0.0751817 0.02854235 
   64000 0.003533955  0.0114703 0.02256612    0.04548 0.05334507 0.02019331 
  128000 0.001715491 0.007866741 0.01540236 0.03185297 0.03763435 0.01428462 
  256000 0.0007520979 0.005388394 0.01031007 0.02215691 0.02644423 0.01005249 
  512000 0.0003800508 0.003753395 0.006895519 0.01576631 0.01866264 0.007119684 
 1000000 0.0001987247 0.002763953 0.005311626 0.01135028 0.01337105 0.005109568 

# /home/tomfy/mcmc_toy/src/mcmc_toy; 7; 1; 0.0; 1.0; 1.0; 1000000; 1; 1; 1; gaussian; 0.4811; 0.63608175575157; 0; 4; 360; 495128; mcmc; 1; 
# n_dimensions: 7 
# n_peaks: 1 
# peak 0; position,sigma,weight:  0.00000  1.00000  1.00000 
# target mean, variance:                0                1 
# burn-in, mcmc steps: 0 1000000 
# n temperatures: 1 
#  T, rate, Proposal(shape,W1,W2,p1):   1.00000  1.00000      gaussian  0.48110  0.63608  0.00000 
#  n_bins: 4 n_bins_1d: 360 
# seed: 495128  chain_type: mcmc neighbor_swap_only: 1 
    1000  0.1760338 0.08819736  0.1557294    0.33971  0.4479422  0.1767521 
    2000 0.08738874 0.06136178  0.1130983  0.2468656  0.3254728  0.1250738 
    4000 0.04532872 0.04366749 0.08408285  0.1764906  0.2320483 0.08808087 
    8000 0.02272378 0.03048174 0.05730085  0.1263544  0.1646114 0.06249291 
   16000 0.01153006 0.02189787 0.04074311 0.08900375  0.1164401 0.04420639 
   32000 0.005599647 0.01524106 0.02723103 0.06297312 0.08258309 0.03122617 
   64000  0.0029473 0.01166702 0.02177594 0.04472766 0.05835868 0.02218183 
  128000 0.001462502 0.008581877 0.01636298 0.03158344 0.04123181 0.01580332 
  256000 0.0008025493 0.005473913 0.01003789 0.02269449  0.0291177 0.01110233 
  512000 0.0004040733 0.003734066 0.00699494 0.01588668 0.02067898 0.007867244 
 1000000 0.0001988789 0.002789711 0.005068894   0.011479 0.01486341 0.005622601 

# /home/tomfy/mcmc_toy/src/mcmc_toy; 7; 1; 0.0; 1.0; 1.0; 1000000; 1; 1; 1; gaussian; 0.4811; 0.75643294966319; 0; 4; 360; 410423; mcmc; 1; 
# n_dimensions: 7 
# n_peaks: 1 
# peak 0; position,sigma,weight:  0.00000  1.00000  1.00000 
# target mean, variance:                0                1 
# burn-in, mcmc steps: 0 1000000 
# n temperatures: 1 
#  T, rate, Proposal(shape,W1,W2,p1):   1.00000  1.00000      gaussian  0.48110  0.75643  0.00000 
#  n_bins: 4 n_bins_1d: 360 
# seed: 410423  chain_type: mcmc neighbor_swap_only: 1 
    1000  0.1589565  0.0853732  0.1467811  0.3577088    0.49464  0.1968829 
    2000 0.08141612 0.05561955 0.09832763  0.2547663  0.3619689  0.1398859 
    4000 0.04199391 0.04472563 0.08033376  0.1811663  0.2600919 0.09946369 
    8000  0.0204725 0.03120499 0.05363397   0.130295  0.1850992 0.07060716 
   16000 0.01025711 0.02145743 0.03803783  0.0915675  0.1308752 0.04982947 
   32000 0.004944779 0.01529125   0.027389 0.06464875  0.0927041 0.03513838 
   64000 0.002453885 0.01171813  0.0210272 0.04593141  0.0660132 0.02495839 
  128000 0.001187868 0.007834324 0.01405832  0.0322482 0.04671585 0.01773252 
  256000 0.0006375478 0.005468602 0.00992301 0.02298387 0.03289283 0.01250412 
  512000 0.0003331876 0.003842055 0.006816749  0.0162559 0.02340943 0.008886834 
 1000000 0.0001792827 0.002730628 0.004897134 0.01167447 0.01661608 0.006335765 

# /home/tomfy/mcmc_toy/src/mcmc_toy; 7; 1; 0.0; 1.0; 1.0; 1000000; 1; 1; 1; gaussian; 0.4811; 0.89955544576196; 0; 4; 360; 792970; mcmc; 1; 
# n_dimensions: 7 
# n_peaks: 1 
# peak 0; position,sigma,weight:  0.00000  1.00000  1.00000 
# target mean, variance:                0                1 
# burn-in, mcmc steps: 0 1000000 
# n temperatures: 1 
#  T, rate, Proposal(shape,W1,W2,p1):   1.00000  1.00000      gaussian  0.48110  0.89956  0.00000 
#  n_bins: 4 n_bins_1d: 360 
# seed: 792970  chain_type: mcmc neighbor_swap_only: 1 
    1000  0.1544824 0.08759981   0.145074  0.3911912  0.5592744  0.2325022 
    2000 0.08020059 0.06662689  0.1115438  0.2818812  0.4172161  0.1640615 
    4000 0.04259833 0.04764809 0.07859542    0.20279  0.3007353  0.1165749 
    8000 0.01999655 0.03423568 0.05642867  0.1436756  0.2158547 0.08263907 
   16000 0.01064768 0.02403296 0.04068776  0.1019275  0.1537493 0.05862609 
   32000 0.005103036  0.0164127  0.0280527 0.07225531  0.1081192 0.04138362 
   64000 0.002450568 0.01204852 0.02015898 0.05047578 0.07661479 0.02917324 
  128000 0.001289396 0.008253795 0.01379096 0.03593766  0.0544518 0.02076993 
  256000 0.0006330565 0.005670469 0.009532572 0.02518375 0.03840322 0.01467792 
  512000 0.0002945159 0.003992354 0.006451954 0.01767596 0.02703831 0.01035414 
 1000000 0.0001470886 0.002696465 0.004312871 0.01267098 0.01938218 0.007397149 

# /home/tomfy/mcmc_toy/src/mcmc_toy; 7; 1; 0.0; 1.0; 1.0; 1000000; 1; 1; 1; gaussian; 0.4811; 1.06975773643957; 0; 4; 360; 614792; mcmc; 1; 
# n_dimensions: 7 
# n_peaks: 1 
# peak 0; position,sigma,weight:  0.00000  1.00000  1.00000 
# target mean, variance:                0                1 
# burn-in, mcmc steps: 0 1000000 
# n temperatures: 1 
#  T, rate, Proposal(shape,W1,W2,p1):   1.00000  1.00000      gaussian  0.48110  1.06976  0.00000 
#  n_bins: 4 n_bins_1d: 360 
# seed: 614792  chain_type: mcmc neighbor_swap_only: 1 
    1000  0.1621021  0.1068128  0.1626548  0.4438606  0.6332611  0.2753184 
    2000  0.0746477 0.07356747  0.1142607  0.3198812  0.4869817  0.1960394 
    4000 0.04256182 0.05416764 0.08649641  0.2308656  0.3590542  0.1407394 
    8000 0.02204997 0.03674621 0.05620732  0.1659375  0.2565547 0.09937572 
   16000 0.01093389 0.02504205 0.03920795  0.1159944  0.1830016    0.06996 
   32000 0.005319476 0.01888252 0.03006541 0.08236313  0.1305935 0.04962277 
   64000 0.002726173 0.01243672 0.01924216 0.05862719 0.09289729 0.03504994 
  128000 0.001272949 0.008595881  0.0132264  0.0415243 0.06604915  0.0248374 
  256000 0.0006501779 0.006044172 0.00960441 0.02882676 0.04654359 0.01770361 
  512000 0.0003093862 0.004455195 0.007081035 0.02053035 0.03325893 0.01251473 
 1000000 0.0001542254 0.003149025 0.004940015 0.01471512 0.02360625 0.00896743 

# /home/tomfy/mcmc_toy/src/mcmc_toy; 7; 1; 0.0; 1.0; 1.0; 1000000; 1; 1; 1; gaussian; 0.4811; 1.27216351150314; 0; 4; 360; 959452; mcmc; 1; 
# n_dimensions: 7 
# n_peaks: 1 
# peak 0; position,sigma,weight:  0.00000  1.00000  1.00000 
# target mean, variance:                0                1 
# burn-in, mcmc steps: 0 1000000 
# n temperatures: 1 
#  T, rate, Proposal(shape,W1,W2,p1):   1.00000  1.00000      gaussian  0.48110  1.27216  0.00000 
#  n_bins: 4 n_bins_1d: 360 
# seed: 959452  chain_type: mcmc neighbor_swap_only: 1 
    1000  0.1742023  0.1136289  0.1613057  0.5231863  0.7228744  0.3454644 
    2000 0.09003791 0.07942537  0.1151342  0.3918238  0.5814128  0.2498254 
    4000  0.0476174  0.0597419 0.08905382  0.2821069  0.4414111  0.1787456 
    8000 0.02402376 0.04301837 0.06603068  0.2014188  0.3202212  0.1270882 
   16000 0.01192823 0.03140499 0.04743303  0.1437637  0.2327151 0.08954133 
   32000 0.006081391 0.02180129 0.03292552  0.1023547  0.1666051 0.06340521 
   64000 0.002977047 0.01621398 0.02393836 0.07364313  0.1187207 0.04502433 
  128000 0.001369335 0.01090857 0.01603561 0.05186945 0.08427248 0.03183366 
  256000 0.0006896958 0.007734135 0.01145837 0.03656879 0.05929963 0.02243839 
  512000 0.0003769022 0.005479337 0.008090238 0.02599412 0.04205484 0.01588498 
 1000000 0.0001869732    0.00388 0.005809594 0.01853536  0.0300691  0.0113599 

# /home/tomfy/mcmc_toy/src/mcmc_toy; 7; 1; 0.0; 1.0; 1.0; 1000000; 1; 1; 1; gaussian; 0.4811; 1.51286589932638; 0; 4; 360; 608956; mcmc; 1; 
# n_dimensions: 7 
# n_peaks: 1 
# peak 0; position,sigma,weight:  0.00000  1.00000  1.00000 
# target mean, variance:                0                1 
# burn-in, mcmc steps: 0 1000000 
# n temperatures: 1 
#  T, rate, Proposal(shape,W1,W2,p1):   1.00000  1.00000      gaussian  0.48110  1.51287  0.00000 
#  n_bins: 4 n_bins_1d: 360 
# seed: 608956  chain_type: mcmc neighbor_swap_only: 1 
    1000  0.2446487  0.1421076  0.2002303  0.6226719  0.8044522  0.4373403 
    2000  0.1179879  0.1010914  0.1396287  0.4815419  0.6841194  0.3231905 
    4000 0.05928583 0.07657141  0.1034162  0.3626769  0.5436986  0.2350606 
    8000 0.03121441 0.05654855 0.07811497  0.2627037  0.4092678  0.1671253 
   16000 0.01504886 0.03674228 0.05060396   0.187495  0.3005902  0.1191722 
   32000 0.007487472 0.02601069 0.03689165   0.136085  0.2189047 0.08482337 
   64000 0.003807797 0.01993117 0.02742439 0.09615953  0.1569048 0.06030969 
  128000 0.00199661  0.0144842 0.01934624 0.06787664  0.1117746 0.04259458 
  256000 0.001062909 0.01078941 0.01483938 0.04809348 0.07890214 0.03024863 
  512000 0.0005046834 0.007080595 0.009805858 0.03398875 0.05603294 0.02128247 
 1000000 0.0002445949 0.004996537 0.006733603 0.02420024 0.04018572  0.0152209 

# /home/tomfy/mcmc_toy/src/mcmc_toy; 7; 1; 0.0; 1.0; 1.0; 1000000; 1; 1; 1; gaussian; 0.4811; 1.79911089152392; 0; 4; 360; 130099; mcmc; 1; 
# n_dimensions: 7 
# n_peaks: 1 
# peak 0; position,sigma,weight:  0.00000  1.00000  1.00000 
# target mean, variance:                0                1 
# burn-in, mcmc steps: 0 1000000 
# n temperatures: 1 
#  T, rate, Proposal(shape,W1,W2,p1):   1.00000  1.00000      gaussian  0.48110  1.79911  0.00000 
#  n_bins: 4 n_bins_1d: 360 
# seed: 130099  chain_type: mcmc neighbor_swap_only: 1 
    1000  0.3792207   0.196072  0.2659085  0.7327119  0.8782655  0.5547849 
    2000  0.1890933  0.1517105   0.199457    0.60358  0.7896906  0.4320021 
    4000  0.1024718  0.1081996  0.1482397    0.46808  0.6684933  0.3189239 
    8000 0.04793339 0.07637014  0.1053776  0.3532375  0.5313126  0.2310172 
   16000 0.02559378 0.05512071 0.07401817  0.2590794  0.4050879  0.1669749 
   32000 0.01232166 0.03668092 0.04796282  0.1859009  0.2997093   0.118785 
   64000 0.006041995 0.02826237 0.03850889  0.1330691  0.2181657 0.08519532 
  128000 0.003281519 0.01933596 0.02660415 0.09549422  0.1556916 0.06034271 
  256000 0.001672396 0.01451944 0.01960625 0.06755613  0.1111755 0.04268983 
  512000 0.0008114915 0.01012159 0.01393491 0.04772582 0.07917786 0.03020414 
 1000000 0.0003917512 0.007160087 0.009375326 0.03406179 0.05688994 0.02181679 

# /home/tomfy/mcmc_toy/src/mcmc_toy; 7; 1; 0.0; 1.0; 1.0; 1000000; 1; 1; 1; gaussian; 0.4811; 2.13951547287914; 0; 4; 360; 968277; mcmc; 1; 
# n_dimensions: 7 
# n_peaks: 1 
# peak 0; position,sigma,weight:  0.00000  1.00000  1.00000 
# target mean, variance:                0                1 
# burn-in, mcmc steps: 0 1000000 
# n temperatures: 1 
#  T, rate, Proposal(shape,W1,W2,p1):   1.00000  1.00000      gaussian  0.48110  2.13952  0.00000 
#  n_bins: 4 n_bins_1d: 360 
# seed: 968277  chain_type: mcmc neighbor_swap_only: 1 
    1000  0.7004592  0.2561675  0.3290907  0.8407612  0.9343144  0.6964273 
    2000  0.3817557  0.1883513  0.2544051  0.7353737  0.8777906  0.5626625 
    4000   0.186119  0.1483021  0.1972247  0.6096363  0.7909775  0.4387779 
    8000  0.0974162  0.1100698  0.1536845  0.4837294  0.6764068  0.3309554 
   16000 0.05130554 0.08400301  0.1113579    0.36943   0.545249  0.2442974 
   32000 0.02421808 0.05966714 0.07621875  0.2714066  0.4195434  0.1771968 
   64000 0.01172512 0.04139909 0.05403913  0.1952491   0.312666  0.1252227 
  128000 0.006041211 0.02944497 0.03776566  0.1399015  0.2304525 0.08986106 
  256000 0.003060245  0.0208275 0.02646186  0.1002988  0.1653035 0.06337571 
  512000 0.001481969  0.0144787 0.01847274 0.07064809  0.1177135    0.04512 
 1000000 0.0007872769 0.01029151 0.01353399 0.05094267 0.08487762 0.03247154 

