#  nT     T_hot    cold_rate  n_pi_eval  gen    n_try    n_acc    tvd_ndim   tvd_orth   tvd_refl   tvd_1d1   tvd_1dall     dmusq      ksd       edfs       sq_avg_q    sq_avg_p      T 
    1    1.0000          1     1000     1000     1000       33   0.9979858  0.7929375  0.8029375  0.9227778  0.6550159    1.125317  0.1888954  0.2310798   0.338724         -1        1  
    1    1.0000          1     2000     2000     2000       65   0.9960327  0.6671875   0.723875  0.8506667  0.5122698   0.4174739  0.1471836  0.2036525   0.075625         -1        1  
    1    1.0000          1     4000     4000     4000      109   0.9933472   0.597125  0.6289375     0.7825  0.4314484   0.2589863   0.250152   0.373144 0.04515625         -1        1  
    1    1.0000          1     8000     8000     8000      198    0.987915   0.467875  0.5200625  0.6827639  0.3475516   0.1334387  0.1545401  0.2533381 0.04906225         -1        1  
    1    1.0000          1    16000    16000    16000      410   0.9754639  0.3204375    0.34075  0.5361736  0.2285546  0.04954919  0.1086768  0.1434887 0.01519056         -1        1  
    1    1.0000          1    32000    32000    32000      851   0.9505752  0.2381875  0.2449063  0.4028333  0.1591061  0.01955872 0.07223934 0.08121747 0.001233766         -1        1  
    1    1.0000          1    64000    64000    64000     1717   0.9063696  0.1816719  0.2068125  0.3048594  0.1095605  0.008097127  0.0472254 0.06152364 7.65625e-07         -1        1  
    1    1.0000          1   128000   128000   128000     3270   0.8411631  0.1453281  0.1454453  0.2349471 0.08449728  0.004267444 0.04350087 0.04795865 0.001483453         -1        1  
    1    1.0000          1   256000   256000   256000     6524   0.7374478  0.1038359 0.08994531  0.1651042 0.06060231  0.002291558 0.02068294 0.02426533 8.114069e-05         -1        1  
    1    1.0000          1   512000   512000   512000    13031   0.6116719 0.07038672 0.06401367  0.1116291 0.04197042  0.000582586 0.007689019 0.01000019 0.000149107         -1        1  
    1    1.0000          1  1000000  1000000  1000000    25563   0.4829186  0.0499605  0.0443685 0.08468743 0.03037092  0.0003442513 0.007400057 0.007283915 2.55025e-05         -1        1  
