#  nT     T_hot    cold_rate  n_pi_eval  gen    n_try    n_acc    tvd_ndim   tvd_orth   tvd_refl   tvd_1d1   tvd_1dall     dmusq      ksd       edfs       sq_avg_q    sq_avg_p      T 
    4 23170.4750          1     4000     1000     1000      444       0.089      0.089      0.089  0.4226666  0.4226666  0.01673762  0.1137311  0.1763645   0.004624         -1        1  
    4 23170.4750          1     8000     2000     2000      871       0.174      0.174      0.174  0.3447776  0.3447776  0.08500339  0.1800716  0.2920738   0.001681         -1        1  
    4 23170.4750          1    16000     4000     4000     1746       0.128      0.128      0.128  0.2294721  0.2294721  0.05377667  0.1303216  0.2321134   0.000256         -1        1  
    4 23170.4750          1    32000     8000     8000     3532    0.095125   0.095125   0.095125  0.1619721  0.1619721  0.02502749 0.09563639  0.1587064 0.0001155625         -1        1  
    4 23170.4750          1    64000    16000    16000     7206   0.0448125  0.0448125  0.0448125   0.109354   0.109354  0.01440734 0.04942728  0.1201568 2.376562e-05         -1        1  
    4 23170.4750          1   128000    32000    32000    14351  0.01765625 0.01765625 0.01765625 0.07623257 0.07623257  0.001356677 0.01957322 0.03725332 2.889062e-05         -1        1  
    4 23170.4750          1   256000    64000    64000    28636  0.008906249 0.002765621 0.002765621 0.05276737 0.05276737  1.275582e-05  0.0105211 0.01970187 5.439062e-05         -1        1  
    4 23170.4750          1   512000   128000   128000    56979  0.007531249 0.003656246 0.003656246 0.03873785 0.03873785  4.41532e-05 0.008136256 0.01592264 0.0001485352         -1        1  
    4 23170.4750          1  1000000   250000   250000   111675  0.004019999 0.0002160036 0.0002160036 0.02679069 0.02679069  1.084655e-05 0.004244725 0.007130388 2.205242e-05         -1        1  
