#  nT     T_hot    cold_rate  n_pi_eval  gen    n_try    n_acc    tvd_ndim   tvd_orth   tvd_refl   tvd_1d1   tvd_1dall     dmusq      ksd       edfs       sq_avg_q    sq_avg_p      T 
    6 32768.0000          1     6000     1000     1000      286   0.8219375     0.8115     0.0985  0.5614444  0.3385833   0.5115739  0.1254762  0.1136066    6.4e-05         -1        1  
    6 32768.0000          1    12000     2000     2000      617     0.68075     0.6545 0.06650001  0.4211111  0.2061389   0.3757237  0.2080696  0.2086014     0.0009         -1        1  
    6 32768.0000          1    24000     4000     4000     1248   0.5438125    0.51725      0.053  0.2813057  0.1689723   0.2220815  0.1006367 0.09934788    8.1e-05         -1        1  
    6 32768.0000          1    48000     8000     8000     2475   0.4219687   0.385875 0.04887501  0.1982779  0.1103473  0.09210534 0.06089575 0.05801573 0.0008850625         -1        1  
    6 32768.0000          1    96000    16000    16000     4845   0.3315313  0.3041875 0.02925001  0.1430001 0.06951919  0.03768763 0.04458157 0.03513931 0.0002600156         -1        1  
    6 32768.0000          1   192000    32000    32000     9648   0.3147813  0.3050938   0.026375  0.1030383 0.05458678  0.03450676 0.02022727  0.0175144 0.0004595664         -1        1  
    6 32768.0000          1   384000    64000    64000    19333   0.2059219  0.1982969 0.01712501 0.08155726 0.05270705  0.01399251 0.05298284 0.05234747 8.789062e-07         -1        1  
    6 32768.0000          1   768000   128000   128000    38299  0.09359375 0.08090625   0.010875 0.05547741 0.02956705  0.003127817 0.03095222 0.03076966 2.271118e-05         -1        1  
    6 32768.0000          1  1000002   166667   166667    50014  0.09546171 0.08786495  0.0117971 0.05178254 0.02917595  0.003019446 0.03796589 0.03772456 1.179391e-06         -1        1  
