# /home/tomfy/mcmc_toy/src/mcmc_toy; 8; 2; -0.5; 0.015625; 0.5; 0.5; 0.015625; 0.5; 1000000; 1; 1; 1; gaussian; 0.4075; 0.0131477667126874; 0; 4; 360; 541926; mcmc; 1; 
# n_dimensions: 8 
# n_peaks: 2 
# peak 0; position,sigma,weight: -0.50000  0.01562  0.50000 
# peak 1; position,sigma,weight:  0.50000  0.01562  0.50000 
# target mean, variance:                0   0.250244140625 
# burn-in, mcmc steps: 0 1000000 
# n temperatures: 1 
#  T, rate, Proposal(shape,W1,W2,p1):   1.00000  1.00000      gaussian  0.40750  0.01315  0.00000 
#  n_bins: 4 n_bins_1d: 360 
# seed: 541926  chain_type: mcmc neighbor_swap_only: 1 
    1000   1.999435  0.5053636 0.02186708  0.9960938  0.6580355  0.2558717 
    2000   1.999569  0.5023588 0.02391016  0.9960938  0.5813317  0.2053357 
    4000   1.999868   0.501129 0.02549813  0.9960938  0.5331272  0.1736189 
    8000   2.000124  0.5006399 0.02686756  0.9960938  0.5095243  0.1550065 
   16000   2.000188  0.5002007 0.02850669  0.9960938  0.5013322  0.1442215 
   32000   2.000213  0.5001082 0.02969148  0.9960938  0.5000747  0.1379894 
   64000   2.000071  0.5000515 0.03122714  0.9960938        0.5  0.1341253 
  128000   1.999995  0.5000219 0.03229693  0.9960938        0.5   0.131522 
  256000   2.000018  0.5000126 0.03351303  0.9960938        0.5  0.1296368 
  512000   2.000007   0.500006 0.03512328  0.9960938        0.5  0.1282436 
 1000000   2.000013  0.5000029 0.03649327  0.9960938        0.5  0.1273366 

# /home/tomfy/mcmc_toy/src/mcmc_toy; 8; 2; -0.5; 0.015625; 0.5; 0.5; 0.015625; 0.5; 1000000; 1; 1; 1; gaussian; 0.4075; 0.0185909421317399; 0; 4; 360; 753072; mcmc; 1; 
# n_dimensions: 8 
# n_peaks: 2 
# peak 0; position,sigma,weight: -0.50000  0.01562  0.50000 
# peak 1; position,sigma,weight:  0.50000  0.01562  0.50000 
# target mean, variance:                0   0.250244140625 
# burn-in, mcmc steps: 0 1000000 
# n temperatures: 1 
#  T, rate, Proposal(shape,W1,W2,p1):   1.00000  1.00000      gaussian  0.40750  0.01859  0.00000 
#  n_bins: 4 n_bins_1d: 360 
# seed: 753072  chain_type: mcmc neighbor_swap_only: 1 
    1000   1.998625  0.5055832 0.02074547  0.9960938  0.7661955  0.3604146 
    2000   1.999346  0.5034879 0.02228736  0.9960938  0.6714033  0.2813788 
    4000   2.000044  0.5014247 0.02451444  0.9960938  0.5930672   0.226765 
    8000   1.999529  0.5007631 0.02616911  0.9960938  0.5409724  0.1918187 
   16000   1.999817  0.5003587 0.02784379  0.9960938  0.5126322  0.1699899 
   32000   2.000081  0.5001527 0.02921381  0.9960938  0.5021691   0.156906 
   64000   2.000104  0.5000959 0.03073207  0.9960938  0.5001422  0.1497946 
  128000   2.000024  0.5000411 0.03222658  0.9960938        0.5   0.145319 
  256000   2.000106   0.500016 0.03373956  0.9960938        0.5  0.1423285 
  512000    2.00006  0.5000077 0.03500295  0.9960938        0.5  0.1401799 
 1000000   2.000033   0.500004 0.03592302  0.9960938        0.5  0.1387355 

# /home/tomfy/mcmc_toy/src/mcmc_toy; 8; 2; -0.5; 0.015625; 0.5; 0.5; 0.015625; 0.5; 1000000; 1; 1; 1; gaussian; 0.4075; 0.0262875921742803; 0; 4; 360; 367382; mcmc; 1; 
# n_dimensions: 8 
# n_peaks: 2 
# peak 0; position,sigma,weight: -0.50000  0.01562  0.50000 
# peak 1; position,sigma,weight:  0.50000  0.01562  0.50000 
# target mean, variance:                0   0.250244140625 
# burn-in, mcmc steps: 0 1000000 
# n temperatures: 1 
#  T, rate, Proposal(shape,W1,W2,p1):   1.00000  1.00000      gaussian  0.40750  0.02629  0.00000 
#  n_bins: 4 n_bins_1d: 360 
# seed: 367382  chain_type: mcmc neighbor_swap_only: 1 
    1000   1.999708  0.5232477 0.01865828  0.9960938  0.8937322  0.5576383 
    2000   2.000546  0.5085732 0.02076291  0.9960938  0.8235617  0.4402074 
    4000   2.000471  0.5037024 0.02278371  0.9960938  0.7364631  0.3429542 
    8000   2.000128  0.5014402 0.02447514  0.9960938  0.6504353  0.2723466 
   16000   2.000116  0.5007334   0.026203  0.9960938  0.5803785   0.224798 
   32000   1.999977  0.5003833 0.02771242  0.9960938  0.5353538  0.1936136 
   64000   1.999983  0.5001909 0.02943296  0.9960938  0.5109989  0.1748326 
  128000   2.000029  0.5000847 0.03084838  0.9960938  0.5018655  0.1649653 
  256000   1.999962  0.5000385 0.03201821  0.9960938  0.5000889  0.1598688 
  512000   1.999967  0.5000196 0.03335009  0.9960938   0.500001  0.1568917 
 1000000   1.999974   0.500009 0.03467573  0.9960938        0.5  0.1549323 

# /home/tomfy/mcmc_toy/src/mcmc_toy; 8; 2; -0.5; 0.015625; 0.5; 0.5; 0.015625; 0.5; 1000000; 1; 1; 1; gaussian; 0.4075; 0.0371706553344323; 0; 4; 360; 106094; mcmc; 1; 
# n_dimensions: 8 
# n_peaks: 2 
# peak 0; position,sigma,weight: -0.50000  0.01562  0.50000 
# peak 1; position,sigma,weight:  0.50000  0.01562  0.50000 
# target mean, variance:                0   0.250244140625 
# burn-in, mcmc steps: 0 1000000 
# n temperatures: 1 
#  T, rate, Proposal(shape,W1,W2,p1):   1.00000  1.00000      gaussian  0.40750  0.03717  0.00000 
#  n_bins: 4 n_bins_1d: 360 
# seed: 106094  chain_type: mcmc neighbor_swap_only: 1 
    1000   1.998159  0.5906165 0.01286488  0.9960938  0.9718756  0.8255571 
    2000   2.000224  0.5580955 0.01671989  0.9960938  0.9473078  0.7243523 
    4000   1.999547  0.5328399 0.01857282  0.9960938   0.910718  0.6208217 
    8000   1.999323  0.5133449 0.02167324  0.9960938  0.8475004  0.4973033 
   16000    1.99937  0.5052519 0.02395714  0.9960938  0.7641752  0.3863235 
   32000   1.999687  0.5020662 0.02606453  0.9960938  0.6811871  0.3058574 
   64000   1.999801  0.5008825 0.02749831  0.9960938  0.6086682  0.2455675 
  128000   2.000115  0.5003042 0.02886402  0.9960938  0.5544994  0.2035757 
  256000   1.999947  0.5000929 0.03069724  0.9960938  0.5208003  0.1754157 
  512000   1.999951  0.5000472 0.03182316  0.9960938  0.5053921  0.1579237 
 1000000    1.99999  0.5000243 0.03331018  0.9960938   0.500681  0.1478711 

# /home/tomfy/mcmc_toy/src/mcmc_toy; 8; 2; -0.5; 0.015625; 0.5; 0.5; 0.015625; 0.5; 1000000; 1; 1; 1; gaussian; 0.4075; 0.0525593066428873; 0; 4; 360; 89478; mcmc; 1; 
# n_dimensions: 8 
# n_peaks: 2 
# peak 0; position,sigma,weight: -0.50000  0.01562  0.50000 
# peak 1; position,sigma,weight:  0.50000  0.01562  0.50000 
# target mean, variance:                0   0.250244140625 
# burn-in, mcmc steps: 0 1000000 
# n temperatures: 1 
#  T, rate, Proposal(shape,W1,W2,p1):   1.00000  1.00000      gaussian  0.40750  0.05256  0.00000 
#  n_bins: 4 n_bins_1d: 360 
# seed: 89478  chain_type: mcmc neighbor_swap_only: 1 
    1000      1.999  0.6867644 0.005387889  0.9960938  0.9936389  0.9521858 
    2000   1.998911   0.662153 0.006630584  0.9960938  0.9903017  0.9312413 
    4000    1.99846  0.6410997 0.009257462  0.9960938   0.983635  0.8931279 
    8000   1.999127  0.5919874 0.01354936  0.9960938  0.9690067  0.8222429 
   16000   2.000254  0.5661658 0.01675157  0.9960938  0.9465566  0.7387705 
   32000   2.000961   0.530181 0.02062422  0.9960938  0.9042491  0.6235812 
   64000   2.000397  0.5134637 0.02306022  0.9960938  0.8402181  0.5060989 
  128000   2.000568  0.5058705 0.02533067  0.9960938  0.7625159  0.4036076 
  256000   2.000626  0.5019586 0.02673912  0.9960938  0.6849141  0.3230595 
  512000    2.00011  0.5005863 0.02866968  0.9960938  0.6143085  0.2587249 
 1000000   2.000119  0.5001839 0.03013747  0.9960938  0.5612912  0.2126673 

# /home/tomfy/mcmc_toy/src/mcmc_toy; 8; 2; -0.5; 0.015625; 0.5; 0.5; 0.015625; 0.5; 1000000; 1; 1; 1; gaussian; 0.4075; 0.0743188595930426; 0; 4; 360; 522990; mcmc; 1; 
# n_dimensions: 8 
# n_peaks: 2 
# peak 0; position,sigma,weight: -0.50000  0.01562  0.50000 
# peak 1; position,sigma,weight:  0.50000  0.01562  0.50000 
# target mean, variance:                0   0.250244140625 
# burn-in, mcmc steps: 0 1000000 
# n temperatures: 1 
#  T, rate, Proposal(shape,W1,W2,p1):   1.00000  1.00000      gaussian  0.40750  0.07432  0.00000 
#  n_bins: 4 n_bins_1d: 360 
# seed: 522990  chain_type: mcmc neighbor_swap_only: 1 
    1000   1.999801  0.7436699 4.680637e-05  0.9960938      0.997  0.9763056 
    2000   1.999054   0.728841 0.001174523  0.9960938  0.9965278  0.9727561 
    4000   1.996641  0.7115163 0.002739892  0.9960938  0.9956567  0.9661014 
    8000   1.996961  0.6920278 0.004668282  0.9960938  0.9941061  0.9556144 
   16000    1.99679  0.6677928 0.006183922  0.9960938  0.9916085  0.9393797 
   32000   1.998854  0.6300433 0.009551913  0.9960938  0.9852541  0.9024903 
   64000   2.000488  0.6027842 0.01246332  0.9960938  0.9750007   0.849818 
  128000   1.998984  0.5747373 0.01687858  0.9960938  0.9531374  0.7656979 
  256000   1.998346  0.5385466 0.02059435  0.9960938  0.9168475   0.660202 
  512000   1.998751  0.5191333 0.02312937  0.9960938  0.8647309  0.5559419 
 1000000   1.999563   0.507993 0.02478956  0.9960938  0.7965277  0.4569738 

# /home/tomfy/mcmc_toy/src/mcmc_toy; 8; 2; -0.5; 0.015625; 0.5; 0.5; 0.015625; 0.5; 1000000; 1; 1; 1; gaussian; 0.4075; 0.105086867464562; 0; 4; 360; 758145; mcmc; 1; 
# n_dimensions: 8 
# n_peaks: 2 
# peak 0; position,sigma,weight: -0.50000  0.01562  0.50000 
# peak 1; position,sigma,weight:  0.50000  0.01562  0.50000 
# target mean, variance:                0   0.250244140625 
# burn-in, mcmc steps: 0 1000000 
# n temperatures: 1 
#  T, rate, Proposal(shape,W1,W2,p1):   1.00000  1.00000      gaussian  0.40750  0.10509  0.00000 
#  n_bins: 4 n_bins_1d: 360 
# seed: 758145  chain_type: mcmc neighbor_swap_only: 1 
    1000   2.000635  0.7500683 4.891213e-05  0.9960938  0.9971944  0.9778333 
    2000   2.001346  0.7503469 0.000164607  0.9960938  0.9971944  0.9778333 
    4000   2.001666  0.7506286 0.0003187921  0.9960938  0.9971389  0.9774167 
    8000    2.00185  0.7516611 0.0003690664  0.9960938  0.9970833      0.977 
   16000   2.002161  0.7432732 0.00134447  0.9960938  0.9967778  0.9747065 
   32000    2.00359  0.7321023 0.002613569  0.9960938  0.9960955  0.9697982 
   64000   2.004035  0.7181063 0.003208328  0.9960938  0.9951866  0.9631843 
  128000   2.001178  0.6859239 0.00585751  0.9960938  0.9927162  0.9465129 
  256000   2.002621  0.6644133 0.00781393  0.9960938  0.9885745  0.9206861 
  512000   2.002111  0.6311629 0.01083011  0.9960938  0.9816379  0.8828392 
 1000000   2.001543  0.5937189 0.01616896  0.9960938  0.9666353  0.8167627 

# /home/tomfy/mcmc_toy/src/mcmc_toy; 8; 2; -0.5; 0.015625; 0.5; 0.5; 0.015625; 0.5; 1000000; 1; 1; 1; gaussian; 0.4075; 0.148592830594891; 0; 4; 360; 318378; mcmc; 1; 
# n_dimensions: 8 
# n_peaks: 2 
# peak 0; position,sigma,weight: -0.50000  0.01562  0.50000 
# peak 1; position,sigma,weight:  0.50000  0.01562  0.50000 
# target mean, variance:                0   0.250244140625 
# burn-in, mcmc steps: 0 1000000 
# n temperatures: 1 
#  T, rate, Proposal(shape,W1,W2,p1):   1.00000  1.00000      gaussian  0.40750  0.14859  0.00000 
#  n_bins: 4 n_bins_1d: 360 
# seed: 318378  chain_type: mcmc neighbor_swap_only: 1 
    1000   2.002676  0.7214426          0  0.9960938  0.9972222  0.9779167 
    2000   2.002676  0.7214426          0  0.9960938  0.9972222  0.9779167 
    4000   2.002676  0.7214426          0  0.9960938  0.9972222  0.9779167 
    8000   2.002676  0.7214426          0  0.9960938  0.9972222  0.9779167 
   16000   2.002676  0.7214426          0  0.9960938  0.9972222  0.9779167 
   32000   2.002676  0.7214426          0  0.9960938  0.9972222  0.9779167 
   64000   2.002814  0.7214426 3.910237e-05  0.9960938  0.9971666     0.9775 
  128000   2.002763  0.7187503 0.000400598  0.9960938  0.9969722  0.9760833 
  256000   2.003259  0.7162783 0.001280181  0.9960938  0.9967778  0.9746111 
  512000    2.00258  0.7075913 0.002852052  0.9960938  0.9959444   0.968464 
 1000000   2.000361  0.6958754 0.004115004  0.9960938  0.9946142  0.9590192 

# /home/tomfy/mcmc_toy/src/mcmc_toy; 8; 2; -0.5; 0.015625; 0.5; 0.5; 0.015625; 0.5; 1000000; 1; 1; 1; gaussian; 0.4075; 0.210110262461176; 0; 4; 360; 135297; mcmc; 1; 
# n_dimensions: 8 
# n_peaks: 2 
# peak 0; position,sigma,weight: -0.50000  0.01562  0.50000 
# peak 1; position,sigma,weight:  0.50000  0.01562  0.50000 
# target mean, variance:                0   0.250244140625 
# burn-in, mcmc steps: 0 1000000 
# n temperatures: 1 
#  T, rate, Proposal(shape,W1,W2,p1):   1.00000  1.00000      gaussian  0.40750  0.21011  0.00000 
#  n_bins: 4 n_bins_1d: 360 
# seed: 135297  chain_type: mcmc neighbor_swap_only: 1 
    1000   1.995397  0.7386323          0  0.9960938  0.9972222  0.9778333 
    2000   1.995397  0.7386323          0  0.9960938  0.9972222  0.9778333 
    4000   1.995397  0.7386323          0  0.9960938  0.9972222  0.9778333 
    8000   1.995397  0.7386323          0  0.9960938  0.9972222  0.9778333 
   16000   1.995397  0.7386323          0  0.9960938  0.9972222  0.9778333 
   32000   1.995401  0.7386323 0.0001435647  0.9960938  0.9971944   0.977724 
   64000    1.99561  0.7386323 4.518143e-05  0.9960938  0.9971944  0.9776111 
  128000   1.995893  0.7386323 0.0002875728  0.9960938  0.9971389  0.9772222 
  256000   1.996914  0.7396042 0.0004105686  0.9960938  0.9971111      0.977 
  512000   1.998217  0.7401847 0.0007213968  0.9960938  0.9970555  0.9765556 
 1000000   1.999411  0.7420521 0.0008253239  0.9960938      0.997  0.9761111 

# /home/tomfy/mcmc_toy/src/mcmc_toy; 8; 2; -0.5; 0.015625; 0.5; 0.5; 0.015625; 0.5; 1000000; 1; 1; 1; gaussian; 0.4075; 0.297095911120103; 0; 4; 360; 878335; mcmc; 1; 
# n_dimensions: 8 
# n_peaks: 2 
# peak 0; position,sigma,weight: -0.50000  0.01562  0.50000 
# peak 1; position,sigma,weight:  0.50000  0.01562  0.50000 
# target mean, variance:                0   0.250244140625 
# burn-in, mcmc steps: 0 1000000 
# n temperatures: 1 
#  T, rate, Proposal(shape,W1,W2,p1):   1.00000  1.00000      gaussian  0.40750  0.29710  0.00000 
#  n_bins: 4 n_bins_1d: 360 
# seed: 878335  chain_type: mcmc neighbor_swap_only: 1 
    1000   2.002969  0.7522912          0  0.9960938  0.9972222  0.9780278 
    2000   2.002969  0.7522912          0  0.9960938  0.9972222  0.9780278 
    4000   2.002969  0.7522912          0  0.9960938  0.9972222  0.9780278 
    8000   2.002969  0.7522912          0  0.9960938  0.9972222  0.9780278 
   16000   2.002969  0.7522912          0  0.9960938  0.9972222  0.9780278 
   32000   2.002969  0.7522912          0  0.9960938  0.9972222  0.9780278 
   64000   2.002969  0.7522912          0  0.9960938  0.9972222  0.9780278 
  128000   2.002969  0.7522912          0  0.9960938  0.9972222  0.9780278 
  256000   2.002969  0.7522912          0  0.9960938  0.9972222  0.9780278 
  512000   2.002969  0.7522912          0  0.9960938  0.9972222  0.9780278 
 1000000   2.002836  0.7485235 0.0002583665  0.9960938  0.9971666  0.9776389 

# /home/tomfy/mcmc_toy/src/mcmc_toy; 8; 2; -0.5; 0.015625; 0.5; 0.5; 0.015625; 0.5; 1000000; 1; 1; 1; gaussian; 0.4075; 0.420093618323825; 0; 4; 360; 170934; mcmc; 1; 
# n_dimensions: 8 
# n_peaks: 2 
# peak 0; position,sigma,weight: -0.50000  0.01562  0.50000 
# peak 1; position,sigma,weight:  0.50000  0.01562  0.50000 
# target mean, variance:                0   0.250244140625 
# burn-in, mcmc steps: 0 1000000 
# n temperatures: 1 
#  T, rate, Proposal(shape,W1,W2,p1):   1.00000  1.00000      gaussian  0.40750  0.42009  0.00000 
#  n_bins: 4 n_bins_1d: 360 
# seed: 170934  chain_type: mcmc neighbor_swap_only: 1 
    1000   2.003558  0.7591142          0  0.9960938  0.9972222  0.9780556 
    2000   2.003558  0.7591142          0  0.9960938  0.9972222  0.9780556 
    4000   2.003558  0.7591142          0  0.9960938  0.9972222  0.9780556 
    8000   2.003558  0.7591142          0  0.9960938  0.9972222  0.9780556 
   16000   2.003558  0.7591142          0  0.9960938  0.9972222  0.9780556 
   32000   2.003558  0.7591142          0  0.9960938  0.9972222  0.9780556 
   64000   2.003558  0.7591142          0  0.9960938  0.9972222  0.9780556 
  128000   2.003558  0.7591142          0  0.9960938  0.9972222  0.9780556 
  256000   2.003558  0.7591142          0  0.9960938  0.9972222  0.9780556 
  512000   2.003558  0.7591142          0  0.9960938  0.9972222  0.9780556 
 1000000   2.003558  0.7591142          0  0.9960938  0.9972222  0.9780556 

# /home/tomfy/mcmc_toy/src/mcmc_toy; 8; 2; -0.5; 0.015625; 0.5; 0.5; 0.015625; 0.5; 1000000; 1; 1; 1; gaussian; 0.4075; 0.594012376309888; 0; 4; 360; 724721; mcmc; 1; 
# n_dimensions: 8 
# n_peaks: 2 
# peak 0; position,sigma,weight: -0.50000  0.01562  0.50000 
# peak 1; position,sigma,weight:  0.50000  0.01562  0.50000 
# target mean, variance:                0   0.250244140625 
# burn-in, mcmc steps: 0 1000000 
# n temperatures: 1 
#  T, rate, Proposal(shape,W1,W2,p1):   1.00000  1.00000      gaussian  0.40750  0.59401  0.00000 
#  n_bins: 4 n_bins_1d: 360 
# seed: 724721  chain_type: mcmc neighbor_swap_only: 1 
    1000    1.99957  0.7518331          0  0.9960938  0.9972222  0.9781111 
    2000    1.99957  0.7518331          0  0.9960938  0.9972222  0.9781111 
    4000    1.99957  0.7518331          0  0.9960938  0.9972222  0.9781111 
    8000    1.99957  0.7518331          0  0.9960938  0.9972222  0.9781111 
   16000    1.99957  0.7518331          0  0.9960938  0.9972222  0.9781111 
   32000    1.99957  0.7518331          0  0.9960938  0.9972222  0.9781111 
   64000    1.99957  0.7518331          0  0.9960938  0.9972222  0.9781111 
  128000    1.99957  0.7518331          0  0.9960938  0.9972222  0.9781111 
  256000    1.99957  0.7518331          0  0.9960938  0.9972222  0.9781111 
  512000    1.99957  0.7518331          0  0.9960938  0.9972222  0.9781111 
 1000000    1.99957  0.7518331          0  0.9960938  0.9972222  0.9781111 

# /home/tomfy/mcmc_toy/src/mcmc_toy; 8; 2; -0.5; 0.015625; 0.5; 0.5; 0.015625; 0.5; 1000000; 1; 1; 1; gaussian; 0.4075; 0.839933500102182; 0; 4; 360; 60908; mcmc; 1; 
# n_dimensions: 8 
# n_peaks: 2 
# peak 0; position,sigma,weight: -0.50000  0.01562  0.50000 
# peak 1; position,sigma,weight:  0.50000  0.01562  0.50000 
# target mean, variance:                0   0.250244140625 
# burn-in, mcmc steps: 0 1000000 
# n temperatures: 1 
#  T, rate, Proposal(shape,W1,W2,p1):   1.00000  1.00000      gaussian  0.40750  0.83993  0.00000 
#  n_bins: 4 n_bins_1d: 360 
# seed: 60908  chain_type: mcmc neighbor_swap_only: 1 
    1000   2.000091  0.7447153          0  0.9960938  0.9972222  0.9781389 
    2000   2.000091  0.7447153          0  0.9960938  0.9972222  0.9781389 
    4000   2.000091  0.7447153          0  0.9960938  0.9972222  0.9781389 
    8000   2.000091  0.7447153          0  0.9960938  0.9972222  0.9781389 
   16000   2.000091  0.7447153          0  0.9960938  0.9972222  0.9781389 
   32000   2.000091  0.7447153          0  0.9960938  0.9972222  0.9781389 
   64000   2.000091  0.7447153          0  0.9960938  0.9972222  0.9781389 
  128000   2.000091  0.7447153          0  0.9960938  0.9972222  0.9781389 
  256000   1.998521  0.7442549 0.003338285  0.9959044  0.9971571  0.9779317 
  512000   1.990013  0.7439435 0.001778214   0.995916  0.9971341  0.9777853 
 1000000   1.990847  0.7439458 0.002048815  0.9959462  0.9971445  0.9777962 

# /home/tomfy/mcmc_toy/src/mcmc_toy; 8; 2; -0.5; 0.015625; 0.5; 0.5; 0.015625; 0.5; 1000000; 1; 1; 1; gaussian; 0.4075; 1.18766596914449; 0; 4; 360; 862352; mcmc; 1; 
# n_dimensions: 8 
# n_peaks: 2 
# peak 0; position,sigma,weight: -0.50000  0.01562  0.50000 
# peak 1; position,sigma,weight:  0.50000  0.01562  0.50000 
# target mean, variance:                0   0.250244140625 
# burn-in, mcmc steps: 0 1000000 
# n temperatures: 1 
#  T, rate, Proposal(shape,W1,W2,p1):   1.00000  1.00000      gaussian  0.40750  1.18767  0.00000 
#  n_bins: 4 n_bins_1d: 360 
# seed: 862352  chain_type: mcmc neighbor_swap_only: 1 
    1000   1.999124  0.7538894          0  0.9960938  0.9972222  0.9779445 
    2000   1.999124  0.7538894          0  0.9960938  0.9972222  0.9779445 
    4000   1.999124  0.7538894          0  0.9960938  0.9972222  0.9779445 
    8000   1.999124  0.7538894          0  0.9960938  0.9972222  0.9779445 
   16000   1.999124  0.7538894          0  0.9960938  0.9972222  0.9779445 
   32000   1.999124  0.7538894          0  0.9960938  0.9972222  0.9779445 
   64000   1.999124  0.7538894          0  0.9960938  0.9972222  0.9779445 
  128000   1.999124  0.7538894          0  0.9960938  0.9972222  0.9779445 
  256000   1.999124  0.7538894          0  0.9960938  0.9972222  0.9779445 
  512000   1.999124  0.7538894          0  0.9960938  0.9972222  0.9779445 
 1000000   1.999124  0.7538894          0  0.9960938  0.9972222  0.9779445 

# /home/tomfy/mcmc_toy/src/mcmc_toy; 8; 2; -0.5; 0.015625; 0.5; 0.5; 0.015625; 0.5; 1000000; 1; 1; 1; gaussian; 0.4075; 1.6793596803703; 0; 4; 360; 962793; mcmc; 1; 
# n_dimensions: 8 
# n_peaks: 2 
# peak 0; position,sigma,weight: -0.50000  0.01562  0.50000 
# peak 1; position,sigma,weight:  0.50000  0.01562  0.50000 
# target mean, variance:                0   0.250244140625 
# burn-in, mcmc steps: 0 1000000 
# n temperatures: 1 
#  T, rate, Proposal(shape,W1,W2,p1):   1.00000  1.00000      gaussian  0.40750  1.67936  0.00000 
#  n_bins: 4 n_bins_1d: 360 
# seed: 962793  chain_type: mcmc neighbor_swap_only: 1 
    1000   1.997468  0.7224918          0  0.9960938  0.9972222  0.9779167 
    2000   1.997468  0.7224918          0  0.9960938  0.9972222  0.9779167 
    4000   1.997468  0.7224918          0  0.9960938  0.9972222  0.9779167 
    8000   1.997468  0.7224918          0  0.9960938  0.9972222  0.9779167 
   16000   1.997468  0.7224918          0  0.9960938  0.9972222  0.9779167 
   32000   1.997468  0.7224918          0  0.9960938  0.9972222  0.9779167 
   64000   1.997468  0.7224918          0  0.9960938  0.9972222  0.9779167 
  128000   1.997468  0.7224918          0  0.9960938  0.9972222  0.9779167 
  256000   1.997468  0.7224918          0  0.9960938  0.9972222  0.9779167 
  512000   1.997468  0.7224918          0  0.9960938  0.9972222  0.9779167 
 1000000   1.997468  0.7224918          0  0.9960938  0.9972222  0.9779167 

# /home/tomfy/mcmc_toy/src/mcmc_toy; 8; 2; -0.5; 0.015625; 0.5; 0.5; 0.015625; 0.5; 1000000; 1; 1; 1; gaussian; 0.4075; 2.37461458804361; 0; 4; 360; 150013; mcmc; 1; 
# n_dimensions: 8 
# n_peaks: 2 
# peak 0; position,sigma,weight: -0.50000  0.01562  0.50000 
# peak 1; position,sigma,weight:  0.50000  0.01562  0.50000 
# target mean, variance:                0   0.250244140625 
# burn-in, mcmc steps: 0 1000000 
# n temperatures: 1 
#  T, rate, Proposal(shape,W1,W2,p1):   1.00000  1.00000      gaussian  0.40750  2.37461  0.00000 
#  n_bins: 4 n_bins_1d: 360 
# seed: 150013  chain_type: mcmc neighbor_swap_only: 1 
    1000   1.996591  0.7192013          0  0.9960938  0.9972222  0.9781389 
    2000   1.996591  0.7192013          0  0.9960938  0.9972222  0.9781389 
    4000   1.996591  0.7192013          0  0.9960938  0.9972222  0.9781389 
    8000   1.996591  0.7192013          0  0.9960938  0.9972222  0.9781389 
   16000   1.996591  0.7192013          0  0.9960938  0.9972222  0.9781389 
   32000   1.996591  0.7192013          0  0.9960938  0.9972222  0.9781389 
   64000   1.996591  0.7192013          0  0.9960938  0.9972222  0.9781389 
  128000   1.996591  0.7192013          0  0.9960938  0.9972222  0.9781389 
  256000   1.996591  0.7192013          0  0.9960938  0.9972222  0.9781389 
  512000   1.996591  0.7192013          0  0.9960938  0.9972222  0.9781389 
 1000000   1.996591  0.7192013          0  0.9960938  0.9972222  0.9781389 

# /home/tomfy/mcmc_toy/src/mcmc_toy; 8; 2; -0.5; 0.015625; 0.5; 0.5; 0.015625; 0.5; 1000000; 1; 1; 1; gaussian; 0.4075; 3.35770502749366; 0; 4; 360; 970718; mcmc; 1; 
# n_dimensions: 8 
# n_peaks: 2 
# peak 0; position,sigma,weight: -0.50000  0.01562  0.50000 
# peak 1; position,sigma,weight:  0.50000  0.01562  0.50000 
# target mean, variance:                0   0.250244140625 
# burn-in, mcmc steps: 0 1000000 
# n temperatures: 1 
#  T, rate, Proposal(shape,W1,W2,p1):   1.00000  1.00000      gaussian  0.40750  3.35771  0.00000 
#  n_bins: 4 n_bins_1d: 360 
# seed: 970718  chain_type: mcmc neighbor_swap_only: 1 
    1000   2.003177  0.7643686          0  0.9960938  0.9972222  0.9780833 
    2000   2.003177  0.7643686          0  0.9960938  0.9972222  0.9780833 
    4000   2.003177  0.7643686          0  0.9960938  0.9972222  0.9780833 
    8000   2.003177  0.7643686          0  0.9960938  0.9972222  0.9780833 
   16000   2.003177  0.7643686          0  0.9960938  0.9972222  0.9780833 
   32000   2.003177  0.7643686          0  0.9960938  0.9972222  0.9780833 
   64000   2.003177  0.7643686          0  0.9960938  0.9972222  0.9780833 
  128000   2.003177  0.7643686          0  0.9960938  0.9972222  0.9780833 
  256000   2.003177  0.7643686          0  0.9960938  0.9972222  0.9780833 
  512000   2.003177  0.7643686          0  0.9960938  0.9972222  0.9780833 
 1000000   2.003177  0.7643686          0  0.9960938  0.9972222  0.9780833 

# /home/tomfy/mcmc_toy/src/mcmc_toy; 8; 2; -0.5; 0.015625; 0.5; 0.5; 0.015625; 0.5; 1000000; 1; 1; 1; gaussian; 0.4075; 4.74779490887604; 0; 4; 360; 476347; mcmc; 1; 
# n_dimensions: 8 
# n_peaks: 2 
# peak 0; position,sigma,weight: -0.50000  0.01562  0.50000 
# peak 1; position,sigma,weight:  0.50000  0.01562  0.50000 
# target mean, variance:                0   0.250244140625 
# burn-in, mcmc steps: 0 1000000 
# n temperatures: 1 
#  T, rate, Proposal(shape,W1,W2,p1):   1.00000  1.00000      gaussian  0.40750  4.74779  0.00000 
#  n_bins: 4 n_bins_1d: 360 
# seed: 476347  chain_type: mcmc neighbor_swap_only: 1 
    1000   1.995376  0.7370467          0  0.9960938  0.9972222  0.9778333 
    2000   1.995376  0.7370467          0  0.9960938  0.9972222  0.9778333 
    4000   1.995376  0.7370467          0  0.9960938  0.9972222  0.9778333 
    8000   1.995376  0.7370467          0  0.9960938  0.9972222  0.9778333 
   16000   1.995376  0.7370467          0  0.9960938  0.9972222  0.9778333 
   32000   1.995376  0.7370467          0  0.9960938  0.9972222  0.9778333 
   64000   1.995376  0.7370467          0  0.9960938  0.9972222  0.9778333 
  128000   1.995376  0.7370467          0  0.9960938  0.9972222  0.9778333 
  256000   1.995376  0.7370467          0  0.9960938  0.9972222  0.9778333 
  512000   1.995376  0.7370467          0  0.9960938  0.9972222  0.9778333 
 1000000   1.995376  0.7370467          0  0.9960938  0.9972222  0.9778333 

# /home/tomfy/mcmc_toy/src/mcmc_toy; 8; 2; -0.5; 0.015625; 0.5; 0.5; 0.015625; 0.5; 1000000; 1; 1; 1; gaussian; 0.4075; 6.71338200115071; 0; 4; 360; 755692; mcmc; 1; 
# n_dimensions: 8 
# n_peaks: 2 
# peak 0; position,sigma,weight: -0.50000  0.01562  0.50000 
# peak 1; position,sigma,weight:  0.50000  0.01562  0.50000 
# target mean, variance:                0   0.250244140625 
# burn-in, mcmc steps: 0 1000000 
# n temperatures: 1 
#  T, rate, Proposal(shape,W1,W2,p1):   1.00000  1.00000      gaussian  0.40750  6.71338  0.00000 
#  n_bins: 4 n_bins_1d: 360 
# seed: 755692  chain_type: mcmc neighbor_swap_only: 1 
    1000   2.002009  0.7521669          0  0.9960938  0.9972222  0.9780556 
    2000   2.002009  0.7521669          0  0.9960938  0.9972222  0.9780556 
    4000   2.002009  0.7521669          0  0.9960938  0.9972222  0.9780556 
    8000   2.002009  0.7521669          0  0.9960938  0.9972222  0.9780556 
   16000   2.002009  0.7521669          0  0.9960938  0.9972222  0.9780556 
   32000   2.002009  0.7521669          0  0.9960938  0.9972222  0.9780556 
   64000   2.002009  0.7521669          0  0.9960938  0.9972222  0.9780556 
  128000   2.002009  0.7521669          0  0.9960938  0.9972222  0.9780556 
  256000   2.002009  0.7521669          0  0.9960938  0.9972222  0.9780556 
  512000   2.002009  0.7521669          0  0.9960938  0.9972222  0.9780556 
 1000000   2.002009  0.7521669          0  0.9960938  0.9972222  0.9780556 

# /home/tomfy/mcmc_toy/src/mcmc_toy; 8; 2; -0.5; 0.015625; 0.5; 0.5; 0.015625; 0.5; 1000000; 1; 1; 1; gaussian; 0.4075; 9.49272214962711; 0; 4; 360; 342957; mcmc; 1; 
# n_dimensions: 8 
# n_peaks: 2 
# peak 0; position,sigma,weight: -0.50000  0.01562  0.50000 
# peak 1; position,sigma,weight:  0.50000  0.01562  0.50000 
# target mean, variance:                0   0.250244140625 
# burn-in, mcmc steps: 0 1000000 
# n temperatures: 1 
#  T, rate, Proposal(shape,W1,W2,p1):   1.00000  1.00000      gaussian  0.40750  9.49272  0.00000 
#  n_bins: 4 n_bins_1d: 360 
# seed: 342957  chain_type: mcmc neighbor_swap_only: 1 
    1000   2.000766  0.7623183          0  0.9960938  0.9972222  0.9779445 
    2000   2.000766  0.7623183          0  0.9960938  0.9972222  0.9779445 
    4000   2.000766  0.7623183          0  0.9960938  0.9972222  0.9779445 
    8000   2.000766  0.7623183          0  0.9960938  0.9972222  0.9779445 
   16000   2.000766  0.7623183          0  0.9960938  0.9972222  0.9779445 
   32000   2.000766  0.7623183          0  0.9960938  0.9972222  0.9779445 
   64000   2.000766  0.7623183          0  0.9960938  0.9972222  0.9779445 
  128000   2.000766  0.7623183          0  0.9960938  0.9972222  0.9779445 
  256000   2.000766  0.7623183          0  0.9960938  0.9972222  0.9779445 
  512000   2.000766  0.7623183          0  0.9960938  0.9972222  0.9779445 
 1000000   2.000766  0.7623183          0  0.9960938  0.9972222  0.9779445 

# /home/tomfy/mcmc_toy/src/mcmc_toy; 8; 2; -0.5; 0.015625; 0.5; 0.5; 0.015625; 0.5; 1000000; 1; 1; 1; gaussian; 0.4075; 13.4227091195727; 0; 4; 360; 364858; mcmc; 1; 
# n_dimensions: 8 
# n_peaks: 2 
# peak 0; position,sigma,weight: -0.50000  0.01562  0.50000 
# peak 1; position,sigma,weight:  0.50000  0.01562  0.50000 
# target mean, variance:                0   0.250244140625 
# burn-in, mcmc steps: 0 1000000 
# n temperatures: 1 
#  T, rate, Proposal(shape,W1,W2,p1):   1.00000  1.00000      gaussian  0.40750 13.42271  0.00000 
#  n_bins: 4 n_bins_1d: 360 
# seed: 364858  chain_type: mcmc neighbor_swap_only: 1 
    1000   2.002374  0.7575954          0  0.9960938  0.9972222  0.9779722 
    2000   2.002374  0.7575954          0  0.9960938  0.9972222  0.9779722 
    4000   2.002374  0.7575954          0  0.9960938  0.9972222  0.9779722 
    8000   2.002374  0.7575954          0  0.9960938  0.9972222  0.9779722 
   16000   2.002374  0.7575954          0  0.9960938  0.9972222  0.9779722 
   32000   2.002374  0.7575954          0  0.9960938  0.9972222  0.9779722 
   64000   2.002374  0.7575954          0  0.9960938  0.9972222  0.9779722 
  128000   2.002374  0.7575954          0  0.9960938  0.9972222  0.9779722 
  256000   2.002374  0.7575954          0  0.9960938  0.9972222  0.9779722 
  512000   2.002374  0.7575954          0  0.9960938  0.9972222  0.9779722 
 1000000   2.002374  0.7575954          0  0.9960938  0.9972222  0.9779722 

