# /home/tomfy/mcmc_toy/src/mcmc_toy; 2; 1; 0.0; 1.0; 1.0; 1000000; 1; 1; 1; gaussian; 0.8121; 0.841457069611991; 0; 4; 360; 852848; mcmc; 1; 
# n_dimensions: 2 
# n_peaks: 1 
# peak 0; position,sigma,weight:  0.00000  1.00000  1.00000 
# target mean, variance:                0                1 
# burn-in, mcmc steps: 0 1000000 
# n temperatures: 1 
#  T, rate, Proposal(shape,W1,W2,p1):   1.00000  1.00000      gaussian  0.81210  0.84146  0.00000 
#  n_bins: 4 n_bins_1d: 360 
# seed: 852848  chain_type: mcmc neighbor_swap_only: 1 
    1000 0.02640997 0.06120316  0.1120211    0.05631  0.3580422  0.2573122 
    2000 0.01199345 0.04433818 0.07923164   0.039615  0.2558833    0.18234 
    4000 0.005913225 0.03016209 0.05494942  0.0276125  0.1815167  0.1290914 
    8000 0.002968073 0.02186267 0.04086277 0.01999375  0.1291796 0.09140229 
   16000 0.001540066 0.01581994 0.02928757  0.0143725  0.0915866  0.0649649 
   32000 0.000735721 0.01083517 0.02024979 0.01000938 0.06497747 0.04573688 
   64000 0.0003567461 0.007380561 0.01407688 0.006726875 0.04566642 0.03215471 
  128000 0.000190351 0.005474907 0.01040086 0.004816016 0.03219337 0.02288411 
  256000 8.869098e-05 0.003652817 0.006837204 0.003329336 0.02287603 0.01618299 
  512000 4.662159e-05 0.002582656 0.004953916 0.002322266 0.01616406  0.0113991 
 1000000 2.962077e-05 0.001980812 0.003691809 0.00185574 0.01161321 0.008206059 

# /home/tomfy/mcmc_toy/src/mcmc_toy; 2; 1; 0.0; 1.0; 1.0; 1000000; 1; 1; 1; gaussian; 0.8121; 1.19; 0; 4; 360; 430085; mcmc; 1; 
# n_dimensions: 2 
# n_peaks: 1 
# peak 0; position,sigma,weight:  0.00000  1.00000  1.00000 
# target mean, variance:                0                1 
# burn-in, mcmc steps: 0 1000000 
# n temperatures: 1 
#  T, rate, Proposal(shape,W1,W2,p1):   1.00000  1.00000      gaussian  0.81210  1.19000  0.00000 
#  n_bins: 4 n_bins_1d: 360 
# seed: 430085  chain_type: mcmc neighbor_swap_only: 1 
    1000 0.01730294 0.06119741  0.1000429    0.05098  0.4108244   0.296775 
    2000 0.007994402 0.04407153 0.07125273   0.035355  0.2958406  0.2101258 
    4000 0.004960661 0.03215805 0.05404722  0.0261675  0.2114444  0.1487113 
    8000 0.002497539  0.0222249 0.03818266 0.01918375  0.1498564  0.1056879 
   16000 0.001161992 0.01482646 0.02519045 0.01295437  0.1052753 0.07495288 
   32000 0.0005942027 0.01133887 0.01942916 0.009409688 0.07483479 0.05300977 
   64000 0.000297819 0.008023064 0.01355102 0.006855469 0.05288306 0.03756294 
  128000 0.0001389537 0.005640092 0.009622959 0.004558125 0.03731103   0.026521 
  256000 6.03993e-05 0.003720762 0.00620615 0.003177031 0.02644671 0.01891012 
  512000 2.970467e-05 0.002655402 0.004427535 0.002185762 0.01868628  0.0132815 
 1000000 1.690464e-05 0.001898226 0.003192803 0.00160144 0.01339508 0.009511013 

# /home/tomfy/mcmc_toy/src/mcmc_toy; 2; 1; 0.0; 1.0; 1.0; 1000000; 1; 1; 1; gaussian; 0.8121; 1.68291413922398; 0; 4; 360; 653891; mcmc; 1; 
# n_dimensions: 2 
# n_peaks: 1 
# peak 0; position,sigma,weight:  0.00000  1.00000  1.00000 
# target mean, variance:                0                1 
# burn-in, mcmc steps: 0 1000000 
# n temperatures: 1 
#  T, rate, Proposal(shape,W1,W2,p1):   1.00000  1.00000      gaussian  0.81210  1.68291  0.00000 
#  n_bins: 4 n_bins_1d: 360 
# seed: 653891  chain_type: mcmc neighbor_swap_only: 1 
    1000  0.0144358  0.0654428 0.09902864    0.05402  0.4901544  0.3596867 
    2000 0.007358606 0.04634009 0.07008215   0.039475  0.3607372  0.2577139 
    4000 0.003650353 0.03407143 0.05131209  0.0264875  0.2588503  0.1832675 
    8000 0.001514602 0.02321416 0.03464945  0.0174925   0.184206  0.1297253 
   16000 0.0008580002 0.01703639 0.02714744 0.01255375  0.1303304 0.09202538 
   32000 0.0004347974 0.01146429 0.01776026 0.00912125 0.09195587 0.06484833 
   64000 0.0002513948 0.008565011 0.01330448 0.007215625 0.06536469 0.04609432 
  128000 0.0001213043 0.005962004 0.009095114 0.005178125 0.04623392 0.03271928 
  256000 5.32131e-05 0.004120308 0.006242297 0.003542109 0.03264596 0.02309802 
  512000 3.108962e-05 0.003035456 0.004576965 0.002506836 0.02323735 0.01636202 
 1000000 1.592779e-05 0.002128304 0.003185112 0.00177033 0.01657935 0.01166423 

# /home/tomfy/mcmc_toy/src/mcmc_toy; 2; 1; 0.0; 1.0; 1.0; 1000000; 1; 1; 1; gaussian; 0.8121; 2.38; 0; 4; 360; 300513; mcmc; 1; 
# n_dimensions: 2 
# n_peaks: 1 
# peak 0; position,sigma,weight:  0.00000  1.00000  1.00000 
# target mean, variance:                0                1 
# burn-in, mcmc steps: 0 1000000 
# n temperatures: 1 
#  T, rate, Proposal(shape,W1,W2,p1):   1.00000  1.00000      gaussian  0.81210  2.38000  0.00000 
#  n_bins: 4 n_bins_1d: 360 
# seed: 300513  chain_type: mcmc neighbor_swap_only: 1 
    1000 0.01927482 0.08225733  0.1141386    0.07238  0.5943089  0.4520728 
    2000 0.009208307 0.05784787 0.08264933   0.048475  0.4499594  0.3294108 
    4000 0.004892386 0.04013581 0.05634706    0.03249  0.3296692  0.2356015 
    8000 0.002163692 0.02801667 0.03926618 0.02254625  0.2362646  0.1683047 
   16000 0.001187326 0.02019853 0.02849166 0.01690688  0.1674836  0.1193408 
   32000 0.000538793 0.01492142 0.02052849 0.01132281  0.1186469 0.08441536 
   64000 0.0002406435 0.01064715 0.01459037 0.008276406  0.0848337 0.05983318 
  128000 0.0001207143 0.007215142 0.01013849 0.005537734 0.06009669 0.04274081 
  256000 6.665443e-05 0.004987356 0.007192295 0.004035391 0.04252677 0.03004697 
  512000 2.94553e-05 0.003520229  0.0050572 0.002681289 0.03029656 0.02126083 
 1000000 1.592719e-05 0.002586972 0.003599593 0.00197323 0.02141099 0.01513925 

# /home/tomfy/mcmc_toy/src/mcmc_toy; 2; 1; 0.0; 1.0; 1.0; 1000000; 1; 1; 1; gaussian; 0.8121; 3.36582827844797; 0; 4; 360; 62911; mcmc; 1; 
# n_dimensions: 2 
# n_peaks: 1 
# peak 0; position,sigma,weight:  0.00000  1.00000  1.00000 
# target mean, variance:                0                1 
# burn-in, mcmc steps: 0 1000000 
# n temperatures: 1 
#  T, rate, Proposal(shape,W1,W2,p1):   1.00000  1.00000      gaussian  0.81210  3.36583  0.00000 
#  n_bins: 4 n_bins_1d: 360 
# seed: 62911  chain_type: mcmc neighbor_swap_only: 1 
    1000 0.03019339  0.1034432  0.1368068    0.08699  0.7123456  0.5695778 
    2000 0.01537306 0.07304128  0.1016891   0.062085  0.5735828  0.4310578 
    4000 0.006464855 0.05382999 0.07132357  0.0428825  0.4309075  0.3127428 
    8000 0.003336687 0.03885503  0.0505783 0.03202625   0.314136  0.2261597 
   16000 0.00154381 0.02733297 0.03714808  0.0220975  0.2254405  0.1611675 
   32000 0.0007545113 0.01887707 0.02585617 0.01501594  0.1601042  0.1139133 
   64000 0.000388435 0.01385535 0.01807495 0.01122188  0.1135245 0.08069024 
  128000 0.0001905118 0.009212535 0.01257176 0.007532187 0.08030184 0.05686233 
  256000 0.0001015193 0.006810501 0.009191588 0.005309297 0.05714388 0.04046413 
  512000 4.754438e-05 0.004686704 0.006391374 0.003647578 0.04033969 0.02860542 
 1000000 3.05992e-05 0.003471143 0.00473205 0.00288444 0.02887409 0.02050141 

