#  nT     T_hot    cold_rate  n_pi_eval  gen    n_try    n_acc    tvd_ndim   tvd_orth   tvd_refl   tvd_1d1   tvd_1dall     dmusq      ksd       edfs       sq_avg_q    sq_avg_p      T 
    1    1.0000          1     1000     1000     1000      144       0.151      0.117      0.028  0.7236667  0.5736667  0.02783191 0.03988671 0.05964584   0.000784         -1        1  
    1    1.0000          1     2000     2000     2000      282      0.1035      0.072      0.066  0.5723889  0.4253056  0.009716918 0.08592329  0.1082564   0.005184         -1        1  
    1    1.0000          1     4000     4000     4000      587     0.09025    0.03675      0.023  0.4310278  0.2995417  0.006999306 0.05267329 0.06423139   0.003025         -1        1  
    1    1.0000          1     8000     8000     8000     1150     0.04925   0.013875   0.025875  0.3161806  0.2177986  0.00162652 0.04468388 0.03608184   6.25e-08         -1        1  
    1    1.0000          1    16000    16000    16000     2299     0.02825  0.0163125     0.0085  0.2320694  0.1515625  0.000225828 0.02851785 0.02245084   2.25e-06         -1        1  
    1    1.0000          1    32000    32000    32000     4499  0.02878125 0.01059375 0.01728125  0.1666597  0.1050104  0.0003367997 0.02173188 0.02368951 0.0002030625         -1        1  
    1    1.0000          1    64000    64000    64000     9067  0.01923438  0.0104375 0.004484373   0.115599 0.07359374  0.0006367592 0.01811684 0.02377173 5.166016e-07         -1        1  
    1    1.0000          1   128000   128000   128000    18087   0.0189375  0.0129375 0.009398436 0.08091754 0.05596702  0.000224685 0.009030263 0.01271111 6.103516e-05         -1        1  
    1    1.0000          1   256000   256000   256000    36313  0.01588281 0.008804689 0.008753905 0.05904253 0.04109809  0.0001575819 0.006706044 0.009644152 7.793579e-07         -1        1  
    1    1.0000          1   512000   512000   512000    72377  0.00961133 0.008496096 0.005074217   0.040528 0.02951681  4.739833e-05 0.003664247 0.004721366 2.039087e-05         -1        1  
    1    1.0000          1  1000000  1000000  1000000   140926    0.006742 0.005457002 0.002743998   0.029651 0.01989194  8.973745e-05 0.002664395 0.003335135 3.111408e-05         -1        1  
