# T:          1         0        0      62500    22373     62500    42210 
# T:    1.95432         0        0      62500    22393     62500    42072 
# T:    3.81937         0        0      62500    22391     62500    42120 
# T:    7.46426         0        0      62500    22332     62500    42494 
# T:    14.5876         0        0      62500    22415     62500    42274 
# T:    28.5088         0        0      62500    22377     62500    42307 
# T:    55.7152         0        0      62500    22278     62500    42332 
# T:    108.885         0        0      62500    23886     62500    43484 
# T:    212.797         0        0      62500    27722     62500    45333 
# T:    415.873         0        0      62500    31907     62500    46903 
# T:    812.749         0        0      62500    32669     62500    46967 
# T:    1588.37         0        0      62500    30903     62500    46028 
# T:    3104.19         0        0      62500    28510     62500    44977 
# T:    6066.58         0        0      62500    26950     62500    44076 
# T:      11856         0        0      62500    25493     62500    43631 
# T:    23170.5         0        0      62500    24695 
