# T:          1         0        0      90910    29225     90910    20829 
# T:          3         0        0      90910    29226     90910    32268 
# T:          9         0        0      90910    29160     90910    34909 
# T:         27         0        0      90910    29150     90910    36319 
# T:         81         0        0      90910    33540     90910    45029 
# T:        243         0        0      90910    53420     90910    59943 
# T:        729         0        0      90910    62786     90910    60814 
# T:       2187         0        0      90910    58997     90910    54484 
# T:       6561         0        0      90910    50727     90910    47631 
# T:      19683         0        0      90910    43034     90910    43269 
# T:      59049         0        0      90910    37421 
