# T:          1         0        0      90910    32171     90910    29257 
# T:          3         0        0      90910    32505     90910    42165 
# T:          9         0        0      90910    31911     90910    44973 
# T:         27         0        0      90910    32326     90910    45810 
# T:         81         0        0      90910    38852     90910    53849 
# T:        243         0        0      90910    58290     90910    66091 
# T:        729         0        0      90910    66218     90910    67920 
# T:       2187         0        0      90910    62277     90910    62706 
# T:       6561         0        0      90910    54121     90910    57587 
# T:      19683         0        0      90910    46254     90910    53117 
# T:      59049         0        0      90910    40616 
