#  nT     T_hot    cold_rate  n_pi_eval  gen    n_try    n_acc    tvd_ndim   tvd_orth   tvd_refl   tvd_1d1   tvd_1dall     dmusq      ksd       edfs       sq_avg_q    sq_avg_p      T 
    4 23170.4750          1     4000     1000     1000      350       0.695      0.632      0.632  0.6501111  0.5482777    1.590237   0.436632  0.8644633     0.0169         -1        1  
    4 23170.4750          1     8000     2000     2000      712      0.4675      0.427      0.427  0.4061667    0.30225  0.08488732  0.1375464  0.2759259   0.002601         -1        1  
    4 23170.4750          1    16000     4000     4000     1413      0.2855    0.10925    0.10925  0.2999167  0.2158333  0.01613344 0.09234791    0.27286 0.00198025         -1        1  
    4 23170.4750          1    32000     8000     8000     2779     0.28275    0.16475    0.16475  0.2552916  0.1593124  0.09316993 0.09366573  0.2969621 0.001139063         -1        1  
    4 23170.4750          1    64000    16000    16000     5639   0.2420625    0.11025    0.11025      0.212  0.1281423  0.0005872533  0.1111498  0.2396806 0.0001856406         -1        1  
    4 23170.4750          1   128000    32000    32000    11381   0.1826562  0.1085312  0.1085312  0.1168264 0.08735066  0.04575916 0.07490097   0.102392 1.753516e-05         -1        1  
    4 23170.4750          1   256000    64000    64000    22909   0.1049375  0.0840625  0.0840625 0.06491494 0.05767798  0.02655284 0.02160053  0.0361644 1.914063e-07         -1        1  
    4 23170.4750          1   512000   128000   128000    45769  0.04052344 0.01899218 0.01899218 0.04908339 0.03322665  0.0006994713 0.01516441 0.03165854 6.727539e-06         -1        1  
    4 23170.4750          1  1000000   250000   250000    89065    0.033528   0.021932   0.021932 0.03724126 0.02801199  0.00153476 0.01362934 0.02527063 2.890138e-05         -1        1  
