# /home/tomfy/mcmc_toy/src/mcmc_toy; 6; 1; 0.0; 1.0; 1.0; 1000000; 1; 1; 1; gaussian; 5454; 0.485815465651997; 0; 4; 360; 321098; mcmc; 1; 
# n_dimensions: 6 
# n_peaks: 1 
# peak 0; position,sigma,weight:  0.00000  1.00000  1.00000 
# target mean, variance:                0                1 
# burn-in, mcmc steps: 0 1000000 
# n temperatures: 1 
#  T, rate, Proposal(shape,W1,W2,p1):   1.00000  1.00000      gaussian 5454.00000  0.48582  0.00000 
#  n_bins: 4 n_bins_1d: 360 
# seed: 321098  chain_type: mcmc neighbor_swap_only: 1 
    1000  0.1904928 0.09389689  0.1797448  0.2671938  0.3820322  0.1597328 
    2000 0.09221692 0.06241558  0.1228647  0.1906663  0.2738094  0.1131072 
    4000 0.04934528 0.04249931 0.08572111  0.1349575  0.1933997 0.07977944 
    8000 0.02381086 0.03009459   0.059883 0.09645625  0.1385492 0.05668771 
   16000 0.01294096 0.02269578 0.04509536   0.069055 0.09786965 0.04035549 
   32000 0.005942192 0.01567269 0.03093615 0.04789438  0.0695025 0.02849139 
   64000 0.003032417 0.01101181 0.02143474 0.03444047 0.04919708 0.02002079 
  128000 0.001552118 0.008033113 0.01599071 0.02469992 0.03462945 0.01418035 
  256000 0.0008112746 0.005641329 0.01118828 0.01749805 0.02459808 0.01008786 
  512000 0.0003666761 0.003787986  0.0076971 0.01206461 0.01729892 0.007075954 
 1000000 0.0001951225 0.002826385 0.00564865 0.00877844  0.0124166 0.005022675 

# /home/tomfy/mcmc_toy/src/mcmc_toy; 6; 1; 0.0; 1.0; 1.0; 1000000; 1; 1; 1; gaussian; 5454; 0.577735208331715; 0; 4; 360; 701995; mcmc; 1; 
# n_dimensions: 6 
# n_peaks: 1 
# peak 0; position,sigma,weight:  0.00000  1.00000  1.00000 
# target mean, variance:                0                1 
# burn-in, mcmc steps: 0 1000000 
# n temperatures: 1 
#  T, rate, Proposal(shape,W1,W2,p1):   1.00000  1.00000      gaussian 5454.00000  0.57774  0.00000 
#  n_bins: 4 n_bins_1d: 360 
# seed: 701995  chain_type: mcmc neighbor_swap_only: 1 
    1000  0.1480406 0.08912946   0.164343  0.2525425  0.4053933  0.1699728 
    2000 0.08286676 0.06284326  0.1201839  0.1832575  0.2945072  0.1210569 
    4000 0.04118078  0.0410918 0.07876575  0.1284825  0.2085328 0.08650695 
    8000 0.02119925 0.03139674 0.06083059 0.09119375  0.1486044 0.06110375 
   16000 0.01093963 0.02216849  0.0431695  0.0654875  0.1051919 0.04303868 
   32000 0.005093786   0.015234 0.02930581 0.04651437 0.07410337 0.03050247 
   64000 0.002778744 0.01090336 0.02142329 0.03315484 0.05267121 0.02164905 
  128000 0.00129187 0.007331001 0.01387316 0.02307117 0.03712866 0.01526092 
  256000 0.0006501836 0.00505972 0.009669949   0.016195 0.02622222 0.01074552 
  512000 0.0003099814 0.00343102 0.006574377 0.01152818 0.01860465 0.007612495 
 1000000 0.0001630088 0.002553741 0.00486605 0.00824304 0.01329325 0.005398064 

# /home/tomfy/mcmc_toy/src/mcmc_toy; 6; 1; 0.0; 1.0; 1.0; 1000000; 1; 1; 1; gaussian; 5454; 0.687046820335655; 0; 4; 360; 58277; mcmc; 1; 
# n_dimensions: 6 
# n_peaks: 1 
# peak 0; position,sigma,weight:  0.00000  1.00000  1.00000 
# target mean, variance:                0                1 
# burn-in, mcmc steps: 0 1000000 
# n temperatures: 1 
#  T, rate, Proposal(shape,W1,W2,p1):   1.00000  1.00000      gaussian 5454.00000  0.68705  0.00000 
#  n_bins: 4 n_bins_1d: 360 
# seed: 58277  chain_type: mcmc neighbor_swap_only: 1 
    1000  0.1295995 0.08275353  0.1452461  0.2514138  0.4460811  0.1901239 
    2000 0.06487626 0.05510744 0.09589921  0.1768525  0.3240133  0.1350319 
    4000 0.02985139 0.03838962 0.06831674  0.1246212  0.2306533  0.0953975 
    8000 0.01477746  0.0304443 0.05391383   0.089055  0.1638525 0.06729403 
   16000 0.008373228 0.02103877 0.03791319 0.06431313  0.1164025 0.04756938 
   32000 0.004156193 0.01439281 0.02628006  0.0455975 0.08205351 0.03363429 
   64000 0.002008205 0.01047036 0.01961648 0.03208578  0.0581667  0.0237799 
  128000 0.001026469 0.007235123 0.01354774 0.02273258 0.04096704 0.01679194 
  256000 0.0005118034 0.005369255 0.009842436 0.01575027  0.0291775 0.01184756 
  512000 0.0002916777  0.0038344 0.007128004 0.01123766 0.02050209 0.008402392 
 1000000 0.0001497806 0.002696045 0.004882743 0.00813178 0.01465864 0.005983562 

# /home/tomfy/mcmc_toy/src/mcmc_toy; 6; 1; 0.0; 1.0; 1.0; 1000000; 1; 1; 1; gaussian; 5454; 0.817040967083157; 0; 4; 360; 986005; mcmc; 1; 
# n_dimensions: 6 
# n_peaks: 1 
# peak 0; position,sigma,weight:  0.00000  1.00000  1.00000 
# target mean, variance:                0                1 
# burn-in, mcmc steps: 0 1000000 
# n temperatures: 1 
#  T, rate, Proposal(shape,W1,W2,p1):   1.00000  1.00000      gaussian 5454.00000  0.81704  0.00000 
#  n_bins: 4 n_bins_1d: 360 
# seed: 986005  chain_type: mcmc neighbor_swap_only: 1 
    1000  0.1173958 0.08331261  0.1451688  0.2583037  0.4915867  0.2117494 
    2000 0.05897699 0.06008263  0.1050336  0.1823012  0.3597972  0.1502219 
    4000 0.03260637 0.04645096 0.07963303  0.1315725  0.2577903  0.1067528 
    8000 0.01435246  0.0311083 0.05437982  0.0928925  0.1838406 0.07556333 
   16000 0.007494899 0.02225566 0.03890919   0.064895  0.1296359 0.05350167 
   32000 0.003856242 0.01520509 0.02732326 0.04628031 0.09183566  0.0380766 
   64000 0.001917072 0.01048854 0.01801361 0.03246797 0.06495634 0.02678194 
  128000 0.00106526 0.008045306 0.01441499 0.02341422  0.0461491 0.01879222 
  256000 0.0005287092 0.005514633 0.009516001 0.01670082 0.03261877 0.01334589 
  512000 0.0002526574 0.003686142 0.006509166 0.01169439  0.0231615 0.009450039 
 1000000 0.0001187589 0.00253982 0.004371401 0.00832276 0.01646188 0.006708992 

# /home/tomfy/mcmc_toy/src/mcmc_toy; 6; 1; 0.0; 1.0; 1.0; 1000000; 1; 1; 1; gaussian; 5454; 0.971630931303994; 0; 4; 360; 369068; mcmc; 1; 
# n_dimensions: 6 
# n_peaks: 1 
# peak 0; position,sigma,weight:  0.00000  1.00000  1.00000 
# target mean, variance:                0                1 
# burn-in, mcmc steps: 0 1000000 
# n temperatures: 1 
#  T, rate, Proposal(shape,W1,W2,p1):   1.00000  1.00000      gaussian 5454.00000  0.97163  0.00000 
#  n_bins: 4 n_bins_1d: 360 
# seed: 369068  chain_type: mcmc neighbor_swap_only: 1 
    1000  0.1178129 0.08640241  0.1339181  0.2802475  0.5510289  0.2444911 
    2000  0.0660941 0.05963813 0.09627019     0.2048  0.4110911  0.1748433 
    4000 0.03172987 0.04464417 0.07351884  0.1435225  0.2983689  0.1250499 
    8000 0.01488174 0.02993937 0.04861844  0.1008438  0.2134867 0.08807965 
   16000 0.007249631 0.02088983 0.03374056 0.07158562  0.1508447 0.06218691 
   32000 0.003572649 0.01464754 0.02402077 0.05061406  0.1071385 0.04386733 
   64000 0.001851814 0.01087901 0.01722286 0.03591734 0.07571556 0.03116361 
  128000 0.0009379381 0.007456055 0.01222481 0.02519547 0.05391358  0.0221153 
  256000 0.0004383813 0.005338123 0.008830875 0.01776016 0.03793488  0.0156067 
  512000 0.0002249013 0.003785751 0.00620155 0.01257609 0.02686568 0.01105358 
 1000000 0.0001237946 0.002639081 0.004405387 0.00899182 0.01939571 0.007918082 

# /home/tomfy/mcmc_toy/src/mcmc_toy; 6; 1; 0.0; 1.0; 1.0; 1000000; 1; 1; 1; gaussian; 5454; 1.15547041666343; 0; 4; 360; 676664; mcmc; 1; 
# n_dimensions: 6 
# n_peaks: 1 
# peak 0; position,sigma,weight:  0.00000  1.00000  1.00000 
# target mean, variance:                0                1 
# burn-in, mcmc steps: 0 1000000 
# n temperatures: 1 
#  T, rate, Proposal(shape,W1,W2,p1):   1.00000  1.00000      gaussian 5454.00000  1.15547  0.00000 
#  n_bins: 4 n_bins_1d: 360 
# seed: 676664  chain_type: mcmc neighbor_swap_only: 1 
    1000   0.113537 0.09266212  0.1357181  0.3208425  0.6285111  0.2914306 
    2000 0.05742705 0.06923385  0.1049489  0.2250337  0.4793744  0.2066922 
    4000 0.03078004 0.05032036 0.07835136  0.1630662  0.3546886  0.1485935 
    8000 0.01610592 0.03345579 0.04963787  0.1158363  0.2544815  0.1055369 
   16000 0.007821428 0.02365057 0.03559281 0.08090125  0.1817242 0.07465962 
   32000 0.004135309 0.01731747 0.02677405 0.05876281  0.1299958 0.05304833 
   64000 0.002034379 0.01237217 0.01883432 0.04206281 0.09203075 0.03743986 
  128000 0.0009244559 0.008805439 0.01326426 0.02945031 0.06482184 0.02636545 
  256000 0.0004943171 0.005941756 0.009247327 0.02110762 0.04577183 0.01871898 
  512000 0.000247043 0.004114159 0.00645668 0.01478814 0.03233537 0.01324125 
 1000000 0.0001304534 0.003096104 0.004946334 0.01033252 0.02306309 0.009546337 

# /home/tomfy/mcmc_toy/src/mcmc_toy; 6; 1; 0.0; 1.0; 1.0; 1000000; 1; 1; 1; gaussian; 5454; 1.37409364067131; 0; 4; 360; 666747; mcmc; 1; 
# n_dimensions: 6 
# n_peaks: 1 
# peak 0; position,sigma,weight:  0.00000  1.00000  1.00000 
# target mean, variance:                0                1 
# burn-in, mcmc steps: 0 1000000 
# n temperatures: 1 
#  T, rate, Proposal(shape,W1,W2,p1):   1.00000  1.00000      gaussian 5454.00000  1.37409  0.00000 
#  n_bins: 4 n_bins_1d: 360 
# seed: 666747  chain_type: mcmc neighbor_swap_only: 1 
    1000  0.1464399  0.1099873  0.1629673  0.3808213  0.7110144  0.3574783 
    2000 0.06676945 0.07942442  0.1158078  0.2779188  0.5686339  0.2604853 
    4000 0.03507231 0.06066687 0.09117236  0.1966738  0.4298869  0.1852432 
    8000 0.01677383 0.04356501  0.0637981  0.1395625  0.3144117  0.1319103 
   16000 0.008349691 0.03069476 0.04434569 0.09976187  0.2267933  0.0938367 
   32000 0.004088843 0.02097915 0.03113991 0.07054312  0.1603972 0.06632156 
   64000 0.002239503 0.01538795 0.02331028 0.05048578  0.1144565 0.04706711 
  128000  0.0011605 0.01149179 0.01728129 0.03543852 0.08117355 0.03334309 
  256000 0.0006308265 0.008513973 0.01275839 0.02516309 0.05759132 0.02365808 
  512000 0.0002839485 0.005771125 0.008488435 0.01753219  0.0408585 0.01669647 
 1000000 0.0001349128 0.003960286 0.006075955 0.01246726 0.02914144 0.01194868 

# /home/tomfy/mcmc_toy/src/mcmc_toy; 6; 1; 0.0; 1.0; 1.0; 1000000; 1; 1; 1; gaussian; 5454; 1.63408193416631; 0; 4; 360; 585721; mcmc; 1; 
# n_dimensions: 6 
# n_peaks: 1 
# peak 0; position,sigma,weight:  0.00000  1.00000  1.00000 
# target mean, variance:                0                1 
# burn-in, mcmc steps: 0 1000000 
# n temperatures: 1 
#  T, rate, Proposal(shape,W1,W2,p1):   1.00000  1.00000      gaussian 5454.00000  1.63408  0.00000 
#  n_bins: 4 n_bins_1d: 360 
# seed: 585721  chain_type: mcmc neighbor_swap_only: 1 
    1000  0.1864017  0.1401955  0.1963821  0.4697975  0.7939411    0.44877 
    2000 0.08695429 0.09668226  0.1306055  0.3480888     0.6688  0.3326797 
    4000 0.04185577 0.07072231 0.09655127   0.254135  0.5291764  0.2431833 
    8000 0.02231593 0.05333313 0.07226604   0.183975  0.3981347  0.1738027 
   16000 0.01163511 0.03779375 0.05380323  0.1306944  0.2917013  0.1239673 
   32000 0.005392706 0.02611317  0.0362107 0.09201312  0.2110071  0.0875688 
   64000 0.002674159 0.01867199 0.02635869 0.06494688  0.1507681 0.06187206 
  128000 0.001335733 0.01295965 0.01767631 0.04596187  0.1069305 0.04393218 
  256000 0.0006456605 0.009549293 0.01312547 0.03208809 0.07591926 0.03101083 
  512000 0.0003531113 0.006265593 0.00909365 0.02286646 0.05349008 0.02202928 
 1000000 0.0001889275 0.004865088 0.00676393 0.01640598 0.03844817 0.01574364 

# /home/tomfy/mcmc_toy/src/mcmc_toy; 6; 1; 0.0; 1.0; 1.0; 1000000; 1; 1; 1; gaussian; 5454; 1.94326186260799; 0; 4; 360; 609771; mcmc; 1; 
# n_dimensions: 6 
# n_peaks: 1 
# peak 0; position,sigma,weight:  0.00000  1.00000  1.00000 
# target mean, variance:                0                1 
# burn-in, mcmc steps: 0 1000000 
# n temperatures: 1 
#  T, rate, Proposal(shape,W1,W2,p1):   1.00000  1.00000      gaussian 5454.00000  1.94326  0.00000 
#  n_bins: 4 n_bins_1d: 360 
# seed: 609771  chain_type: mcmc neighbor_swap_only: 1 
    1000  0.2735975  0.1866432  0.2530851    0.58438  0.8690878    0.56888 
    2000  0.1463139  0.1372219  0.1865414   0.442925  0.7712344  0.4338408 
    4000 0.07144526  0.1008668  0.1364438  0.3338088  0.6477992  0.3250814 
    8000 0.03458029 0.07259013 0.09880586  0.2411975  0.5109925  0.2361931 
   16000 0.01808665 0.05176901  0.0697475    0.17562  0.3865419  0.1696001 
   32000 0.009012221 0.03612526 0.04846384  0.1236366  0.2815039  0.1198923 
   64000 0.004394582 0.02538461 0.03395374 0.08917359  0.2037996 0.08532624 
  128000 0.002276356 0.01804377 0.02347652 0.06318875  0.1468837 0.06057943 
  256000 0.001104483 0.01220212 0.01588142 0.04473844  0.1049175 0.04293361 
  512000 0.0005026815 0.008591489 0.01116306 0.03154398 0.07379778 0.03036632 
 1000000 0.0002756164 0.006294963 0.008353087 0.02283002 0.05263816 0.02167427 

# /home/tomfy/mcmc_toy/src/mcmc_toy; 6; 1; 0.0; 1.0; 1.0; 1000000; 1; 1; 1; gaussian; 5454; 2.31094083332686; 0; 4; 360; 910839; mcmc; 1; 
# n_dimensions: 6 
# n_peaks: 1 
# peak 0; position,sigma,weight:  0.00000  1.00000  1.00000 
# target mean, variance:                0                1 
# burn-in, mcmc steps: 0 1000000 
# n temperatures: 1 
#  T, rate, Proposal(shape,W1,W2,p1):   1.00000  1.00000      gaussian 5454.00000  2.31094  0.00000 
#  n_bins: 4 n_bins_1d: 360 
# seed: 910839  chain_type: mcmc neighbor_swap_only: 1 
    1000  0.5104506  0.2608675   0.350736  0.7111412  0.9235767  0.6965594 
    2000  0.2548814  0.1949712  0.2579979  0.5829275  0.8636983  0.5674022 
    4000  0.1228019  0.1332413  0.1764931  0.4448713  0.7639011  0.4327768 
    8000 0.06754853 0.09673649  0.1248428  0.3369563  0.6410446  0.3252708 
   16000  0.0330802 0.06997082 0.09205157  0.2456656  0.5074526  0.2376193 
   32000 0.01605239 0.04706025 0.06190269  0.1765819  0.3861163  0.1707827 
   64000 0.007414437 0.03341841 0.04295025  0.1266519  0.2858151  0.1226055 
  128000 0.004172797 0.02509345 0.03217023 0.09084156  0.2082147 0.08728642 
  256000 0.001972001 0.01781458 0.02271812 0.06435332  0.1487538 0.06226105 
  512000 0.0009792418 0.01232993 0.01601462 0.04446281     0.1058 0.04386568 
 1000000 0.0005052442 0.009170561  0.0117677 0.03270739 0.07594442 0.03152033 

