#  nT     T_hot    cold_rate  n_pi_eval  gen    n_try    n_acc    tvd_ndim   tvd_orth   tvd_refl   tvd_1d1   tvd_1dall     dmusq      ksd       edfs       sq_avg_q    sq_avg_p      T 
    1    1.0000          1     1000     1000     1000       40   0.9899902      0.663       0.61  0.8967778  0.5968333   0.9399089   0.196138  0.3148002     0.0196         -1        1  
    1    1.0000          1     2000     2000     2000       63    0.984375    0.59025      0.519  0.8526111  0.5391389    0.340984  0.1416008   0.306872   0.000289         -1        1  
    1    1.0000          1     4000     4000     4000      138   0.9672852   0.456125    0.41675  0.7450555  0.4320556   0.3039504 0.07935081  0.1104525   0.001444         -1        1  
    1    1.0000          1     8000     8000     8000      244   0.9426152    0.32925   0.293625  0.6373194  0.3128056  0.04635491  0.1039561  0.1300244 0.001314062         -1        1  
    1    1.0000          1    16000    16000    16000      472   0.8961055  0.2104375    0.23075  0.5061806  0.2305035  0.02170429 0.09001857  0.1037986 0.0006695156         -1        1  
    1    1.0000          1    32000    32000    32000      927    0.816082  0.1624375  0.1609062  0.3676458  0.1726285  0.005081053 0.05064577 0.05920365 0.00038025         -1        1  
    1    1.0000          1    64000    64000    64000     1847   0.7099551  0.1396719  0.1109375  0.2877292  0.1304557  0.002633964  0.0321213 0.05741831 0.00189497         -1        1  
    1    1.0000          1   128000   128000   128000     3858   0.5712148     0.0975 0.07771875   0.216013 0.09660114  0.002774831  0.0252695 0.03855813 0.002399469         -1        1  
    1    1.0000          1   256000   256000   256000     7669   0.4433965 0.07015234 0.06299609  0.1445725  0.0634488  0.002236305  0.0195449 0.03225732 0.001041071         -1        1  
    1    1.0000          1   512000   512000   512000    15255   0.3278926 0.04218359  0.0444082  0.1039319 0.04518988  0.0005851318 0.01104046 0.01845798 0.0007831252         -1        1  
    1    1.0000          1  1000000  1000000  1000000    29984   0.2471542   0.033316   0.029954 0.07353021 0.03083843  8.144374e-05 0.007200844 0.008369144 0.0003591783         -1        1  
