#  nT     T_hot    cold_rate  n_pi_eval  gen    n_try    n_acc    tvd_ndim   tvd_orth   tvd_refl   tvd_1d1   tvd_1dall     dmusq      ksd       edfs       sq_avg_q    sq_avg_p      T 
    1    1.0000          1     1000     1000     1000      288      0.9375     0.9375      0.139  0.6488888  0.3525833    1.000525  0.5001356  0.0270961   0.015876         -1        1  
    1    1.0000          1     2000     2000     2000      583      0.9375     0.9375      0.061  0.5829444  0.2985555   0.9991517   0.502274 0.02656956   0.014641         -1        1  
    1    1.0000          1     4000     4000     4000     1149      0.9375     0.9375     0.0455  0.5365278  0.2641389   0.9987063  0.5018747 0.02627375   0.002601         -1        1  
    1    1.0000          1     8000     8000     8000     2382      0.9375     0.9375 0.04199999  0.5083333  0.2523576   0.9990933  0.5001356 0.02602042 0.0006630625         -1        1  
    1    1.0000          1    16000    16000    16000     4772      0.9375     0.9375 0.02656249  0.5011736  0.2501996   0.9991779  0.5001356 0.02664276  7.225e-05         -1        1  
    1    1.0000          1    32000    32000    32000     9572      0.9375     0.9375 0.02146875  0.5000278       0.25   0.9998296  0.5001044 0.02831578 6.890625e-06         -1        1  
    1    1.0000          1    64000    64000    64000    19172      0.9375     0.9375 0.01510938        0.5       0.25    1.000428  0.5000261 0.03041874 8.789062e-07         -1        1  
    1    1.0000          1   128000   128000   128000    38143      0.9375     0.9375 0.009867193        0.5       0.25    1.000222  0.5000044 0.03353597 8.212891e-07         -1        1  
    1    1.0000          1   256000   256000   256000    76700      0.9375     0.9375 0.005453134        0.5       0.25    1.000307   0.500005 0.03356104 2.044006e-06         -1        1  
    1    1.0000          1   512000   512000   512000   153572      0.9375     0.9375 0.005447278        0.5       0.25    1.000377  0.5000024 0.03465982 1.373291e-06         -1        1  
    1    1.0000          1  1000000  1000000  1000000   299780      0.9375     0.9375 0.004012009        0.5       0.25    1.000045  0.5000007 0.03953601 1.435204e-06         -1        1  
