# /home/tomfy/mcmc_toy/src/mcmc_toy; 3; 1; 0.0; 1.0; 1.0; 1000000; 1; 1; 1; gaussian; 0.719; 0.687046820335655; 0; 4; 360; 144828; mcmc; 1; 
# n_dimensions: 3 
# n_peaks: 1 
# peak 0; position,sigma,weight:  0.00000  1.00000  1.00000 
# target mean, variance:                0                1 
# burn-in, mcmc steps: 0 1000000 
# n temperatures: 1 
#  T, rate, Proposal(shape,W1,W2,p1):   1.00000  1.00000      gaussian  0.71900  0.68705  0.00000 
#  n_bins: 4 n_bins_1d: 360 
# seed: 144828  chain_type: mcmc neighbor_swap_only: 1 
    1000 0.05013661  0.0742111  0.1372526    0.09127  0.3669522  0.2150522 
    2000 0.02437429 0.05103862 0.09643203   0.062075  0.2624678  0.1525906 
    4000 0.01299607 0.03402854 0.06546616  0.0457425  0.1866478  0.1087136 
    8000 0.006288939 0.02416922 0.04670208 0.03191125  0.1326668 0.07694097 
   16000 0.003088243 0.01745871 0.03251996    0.02292 0.09458347  0.0543918 
   32000 0.001583653 0.01240245 0.02237324 0.01644719 0.06662441 0.03864996 
   64000 0.000827857 0.008799206  0.0164162 0.01184641 0.04735097 0.02734793 
  128000 0.0003813165 0.006304714 0.01177909 0.008241641 0.03317652 0.01921751 
  256000 0.0002183326 0.004501825 0.008463842 0.005963242 0.02350175 0.01365136 
  512000 0.000114823  0.0032655 0.006286149 0.004344902 0.01652979 0.009642643 
 1000000 5.656075e-05 0.002151792 0.004056825 0.00306306 0.01181706 0.006876408 

# /home/tomfy/mcmc_toy/src/mcmc_toy; 3; 1; 0.0; 1.0; 1.0; 1000000; 1; 1; 1; gaussian; 0.719; 0.971630931303994; 0; 4; 360; 519172; mcmc; 1; 
# n_dimensions: 3 
# n_peaks: 1 
# peak 0; position,sigma,weight:  0.00000  1.00000  1.00000 
# target mean, variance:                0                1 
# burn-in, mcmc steps: 0 1000000 
# n temperatures: 1 
#  T, rate, Proposal(shape,W1,W2,p1):   1.00000  1.00000      gaussian  0.71900  0.97163  0.00000 
#  n_bins: 4 n_bins_1d: 360 
# seed: 519172  chain_type: mcmc neighbor_swap_only: 1 
    1000  0.0361247 0.06343654  0.1077163    0.08125  0.4244344  0.2502756 
    2000 0.01799123 0.04628417 0.07955389   0.060935  0.3074622  0.1806011 
    4000 0.009029707 0.03247046 0.05330849   0.041605  0.2176506  0.1278569 
    8000 0.004425236 0.02189282 0.03732675 0.02850125  0.1546831 0.09007139 
   16000 0.002221376 0.01569335 0.02703105       0.02  0.1099051 0.06367639 
   32000 0.001152957 0.01166238 0.02054458  0.0149475 0.07761295 0.04470323 
   64000 0.0005701798 0.008219719 0.01428636 0.01065109  0.0549496  0.0318063 
  128000 0.0003423926 0.006102943 0.01081402 0.008050312  0.0390857 0.02265484 
  256000 0.0001686322 0.004379637 0.00757483 0.005656015 0.02774963 0.01606155 
  512000 7.60285e-05 0.003050666 0.005229645 0.003804101 0.01952507  0.0113323 
 1000000 3.957396e-05 0.002181557 0.003790024 0.00273967 0.01388858 0.008105685 

# /home/tomfy/mcmc_toy/src/mcmc_toy; 3; 1; 0.0; 1.0; 1.0; 1000000; 1; 1; 1; gaussian; 0.719; 1.37409364067131; 0; 4; 360; 167514; mcmc; 1; 
# n_dimensions: 3 
# n_peaks: 1 
# peak 0; position,sigma,weight:  0.00000  1.00000  1.00000 
# target mean, variance:                0                1 
# burn-in, mcmc steps: 0 1000000 
# n temperatures: 1 
#  T, rate, Proposal(shape,W1,W2,p1):   1.00000  1.00000      gaussian  0.71900  1.37409  0.00000 
#  n_bins: 4 n_bins_1d: 360 
# seed: 167514  chain_type: mcmc neighbor_swap_only: 1 
    1000 0.03283553 0.07217918  0.1107436    0.09095    0.52052  0.3173267 
    2000  0.0172985  0.0532881 0.08250304    0.06527  0.3840833  0.2271767 
    4000 0.008035117  0.0356056 0.05579461    0.04635  0.2739994  0.1603103 
    8000 0.004227782 0.02668988 0.04143081 0.03294625  0.1954528   0.113009 
   16000 0.002254383 0.01973258   0.029821  0.0245475  0.1393659 0.08015306 
   32000 0.000914483 0.01356689 0.02050956 0.01639844 0.09907934 0.05669865 
   64000 0.000483625 0.00936221 0.01419723 0.01141328 0.07002405 0.04039214 
  128000 0.0002486614 0.006654068 0.01011931 0.007837109 0.04958279 0.02863069 
  256000 0.0001138019 0.004634905 0.00696192 0.005487305 0.03497231 0.02023706 
  512000 5.91602e-05 0.00331362 0.004955563 0.004094297 0.02477592 0.01428501 
 1000000 3.21849e-05 0.002363989 0.003634449 0.00294723 0.01778677  0.0101908 

# /home/tomfy/mcmc_toy/src/mcmc_toy; 3; 1; 0.0; 1.0; 1.0; 1000000; 1; 1; 1; gaussian; 0.719; 1.94326186260799; 0; 4; 360; 735165; mcmc; 1; 
# n_dimensions: 3 
# n_peaks: 1 
# peak 0; position,sigma,weight:  0.00000  1.00000  1.00000 
# target mean, variance:                0                1 
# burn-in, mcmc steps: 0 1000000 
# n temperatures: 1 
#  T, rate, Proposal(shape,W1,W2,p1):   1.00000  1.00000      gaussian  0.71900  1.94326  0.00000 
#  n_bins: 4 n_bins_1d: 360 
# seed: 735165  chain_type: mcmc neighbor_swap_only: 1 
    1000 0.03716233 0.09883917  0.1344357    0.11525  0.6475944  0.4221544 
    2000  0.0186427 0.06696848 0.09538526   0.082795  0.5005267  0.3066744 
    4000 0.009743216 0.04722372 0.06647605    0.05503   0.369848  0.2190236 
    8000 0.004276635 0.03185407 0.04403137 0.04023125  0.2668632  0.1564394 
   16000 0.002210364 0.02334496 0.03336158 0.02871875   0.191975  0.1116967 
   32000 0.001102979 0.01628281 0.02216345 0.02068031  0.1362022  0.0791308 
   64000 0.0005782997 0.01179907 0.01666814 0.01388766 0.09645674 0.05603319 
  128000 0.0003014999 0.008655985 0.01203851 0.009919922 0.06831794 0.03959135 
  256000 0.0001319864 0.005925795 0.008301327 0.006896485  0.0484696  0.0279239 
  512000 7.256646e-05 0.004269485 0.006005396 0.005116426 0.03414005 0.01965873 
 1000000 3.961898e-05 0.003043526 0.004363812 0.00362271 0.02454557 0.01407952 

# /home/tomfy/mcmc_toy/src/mcmc_toy; 3; 1; 0.0; 1.0; 1.0; 1000000; 1; 1; 1; gaussian; 0.719; 2.74818728134262; 0; 4; 360; 921041; mcmc; 1; 
# n_dimensions: 3 
# n_peaks: 1 
# peak 0; position,sigma,weight:  0.00000  1.00000  1.00000 
# target mean, variance:                0                1 
# burn-in, mcmc steps: 0 1000000 
# n temperatures: 1 
#  T, rate, Proposal(shape,W1,W2,p1):   1.00000  1.00000      gaussian  0.71900  2.74819  0.00000 
#  n_bins: 4 n_bins_1d: 360 
# seed: 921041  chain_type: mcmc neighbor_swap_only: 1 
    1000 0.06996638  0.1349245   0.179238    0.17139  0.7842044     0.5733 
    2000 0.03161362 0.09010365  0.1168916   0.118595  0.6601472  0.4368583 
    4000 0.01614939 0.06523399  0.0837636  0.0867175  0.5177853  0.3198292 
    8000 0.007942482  0.0483757  0.0635837    0.05784  0.3856563  0.2306838 
   16000 0.003560127 0.03428781 0.04481252 0.04065125  0.2807393  0.1640992 
   32000 0.001963899 0.02465399 0.03265604 0.02860031  0.2006673  0.1164873 
   64000 0.00101626 0.01823645 0.02317672 0.02123859  0.1434249 0.08310274 
  128000 0.0004725478 0.01209426 0.01552886 0.01512703  0.1014011 0.05869273 
  256000 0.0002451904 0.008745548 0.01146229 0.01047781 0.07181835 0.04139417 
  512000 0.0001217968 0.006025432 0.007807697 0.007185156 0.05072609 0.02924206 
 1000000 6.596602e-05 0.004339184 0.005706824   0.005244 0.03618867 0.02093947 

