#  nT     T_hot    cold_rate  n_pi_eval  gen    n_try    n_acc    tvd_ndim   tvd_orth   tvd_refl   tvd_1d1   tvd_1dall     dmusq      ksd       edfs       sq_avg_q    sq_avg_p      T 
    1    1.0000          1     1000     1000     1000       77      0.4745      0.249      0.207  0.8283333  0.6152222  0.09229854  0.1625759  0.2082723   0.000256         -1        1  
    1    1.0000          1     2000     2000     2000      150    0.377125      0.233      0.171  0.7084444     0.4805  0.05271625  0.2018528  0.2418843     0.0324         -1        1  
    1    1.0000          1     4000     4000     4000      349       0.257    0.16525    0.10525  0.5257778  0.3388056   0.0315714  0.1547248  0.1752834 0.00540225         -1        1  
    1    1.0000          1     8000     8000     8000      710       0.208   0.100875     0.0925  0.4039306  0.2527639  0.01591017  0.1000998  0.1403111   0.005625         -1        1  
    1    1.0000          1    16000    16000    16000     1482    0.136625     0.0265     0.0555   0.286375  0.1698403  0.0006180067 0.02855489 0.03875052 0.001387562         -1        1  
    1    1.0000          1    32000    32000    32000     3156    0.086375 0.01915625   0.044625   0.196941  0.1127292  0.0002576806 0.01579154 0.02377235 7.876562e-05         -1        1  
    1    1.0000          1    64000    64000    64000     6296  0.06307812 0.01073437      0.031  0.1415069 0.08367014  0.0005784962 0.01545491 0.02155709 1.196289e-06         -1        1  
    1    1.0000          1   128000   128000   128000    12448  0.04746094 0.01352344 0.02039062  0.1029826 0.05912326  0.0003235448 0.01345029 0.01482396 2.437891e-05         -1        1  
    1    1.0000          1   256000   256000   256000    25079  0.03082812 0.009140625   0.009375 0.07365103 0.04172092  6.871086e-05 0.009992233 0.009761309 9.52301e-06         -1        1  
    1    1.0000          1   512000   512000   512000    50135  0.02146289 0.004660155 0.007162109 0.04952323 0.02868209  2.423092e-05 0.005123294 0.005865585 4.840028e-05         -1        1  
    1    1.0000          1  1000000  1000000  1000000    97901    0.015023 0.003499999   0.005339 0.03680467 0.02138645  9.286174e-06 0.004841211 0.004835022 2.594884e-05         -1        1  
