# T:          1         0        0      90910    32640     90910    30197 
# T:          3         0        0      90910    32441     90910    41906 
# T:          9         0        0      90910    32288     90910    44929 
# T:         27         0        0      90910    32591     90910    45978 
# T:         81         0        0      90910    38568     90910    53939 
# T:        243         0        0      90910    58402     90910    66294 
# T:        729         0        0      90910    66429     90910    67956 
# T:       2187         0        0      90910    62436     90910    62989 
# T:       6561         0        0      90910    53988     90910    57467 
# T:      19683         0        0      90910    46375     90910    52602 
# T:      59049         0        0      90910    40830 
