#  nT     T_hot    cold_rate  n_pi_eval  gen    n_try    n_acc    tvd_ndim   tvd_orth   tvd_refl   tvd_1d1   tvd_1dall     dmusq      ksd       edfs       sq_avg_q    sq_avg_p      T 
    2 4096.0000          1     2000     1000     1000      280   0.9846191   0.984375      0.316  0.6649999  0.2427222    1.514938  0.5115568   0.056616   0.001936         -1        1  
    2 4096.0000          1     4000     2000     2000      567    0.984375   0.984375   0.183375  0.5804444  0.1815556    1.505917  0.5023183 0.06769326   0.000784         -1        1  
    2 4096.0000          1     8000     4000     4000     1164    0.984375   0.984375   0.149375  0.5287777  0.1244999    1.502212   0.502925 0.06852805 0.00021025         -1        1  
    2 4096.0000          1    16000     8000     8000     2264    0.984375   0.984375     0.1155  0.5099722 0.08530552    1.498653  0.5016307 0.07665592  9.025e-05         -1        1  
    2 4096.0000          1    32000    16000    16000     4441    0.984375   0.984375  0.0835625  0.5005486 0.06330209    1.500014  0.5000274 0.09329763 0.0007910156         -1        1  
    2 4096.0000          1    64000    32000    32000     8880    0.984375   0.984375 0.04540625        0.5 0.04704689    1.500745  0.5002332  0.0921609 1.701563e-05         -1        1  
    2 4096.0000          1   128000    64000    64000    17738    0.984375   0.984375 0.03470313        0.5 0.03162587    1.501396  0.5000737 0.09156879 5.439062e-05         -1        1  
    2 4096.0000          1   256000   128000   128000    35921    0.984375   0.984375 0.02196094        0.5 0.02198659    1.499667  0.5000047  0.1002675 0.0002035081         -1        1  
    2 4096.0000          1   512000   256000   256000    71869    0.984375   0.984375 0.01496875        0.5 0.01536765    1.500665  0.5000031  0.1028409 0.0001999573         -1        1  
    2 4096.0000          1  1000000   500000   500000   141174    0.984375   0.984375   0.013257        0.5 0.01093573    1.500658  0.5000011  0.1078279 8.39789e-05         -1        1  
