# T:          1         0        0      90910    32360     90910    30461 
# T:          3         0        0      90910    31936     90910    41776 
# T:          9         0        0      90910    32483     90910    45550 
# T:         27         0        0      90910    32405     90910    45945 
# T:         81         0        0      90910    38532     90910    53476 
# T:        243         0        0      90910    58556     90910    66409 
# T:        729         0        0      90910    66129     90910    68164 
# T:       2187         0        0      90910    62362     90910    63209 
# T:       6561         0        0      90910    54259     90910    57132 
# T:      19683         0        0      90910    46670     90910    52746 
# T:      59049         0        0      90910    40682 
