#  nT     T_hot    cold_rate  n_pi_eval  gen    n_try    n_acc    tvd_ndim   tvd_orth   tvd_refl   tvd_1d1   tvd_1dall     dmusq      ksd       edfs       sq_avg_q    sq_avg_p      T 
    6 32768.0000          1     6000     1000     1000      360       0.536      0.301      0.301  0.6036666  0.3695555   0.2793105   0.336524  0.4302062   0.012544         -1        1  
    6 32768.0000          1    12000     2000     2000      729      0.3465     0.0815     0.0815  0.3961666  0.2619166  0.04809604 0.09163252  0.2112782   0.003481         -1        1  
    6 32768.0000          1    24000     4000     4000     1409      0.3095     0.0815     0.0815  0.2858889  0.2051945  0.06202812 0.08536119  0.1670242 0.00087025         -1        1  
    6 32768.0000          1    48000     8000     8000     2855      0.1465      0.027      0.027  0.1927778  0.1493055  0.04969152 0.05704941   0.123602 0.00216225         -1        1  
    6 32768.0000          1    96000    16000    16000     5620    0.091625  0.0583125  0.0583125  0.1220695  0.1038958  0.003845673 0.02965686 0.06985899 0.0004100625         -1        1  
    6 32768.0000          1   192000    32000    32000    11223    0.066625 0.03903125 0.03903125  0.0888055 0.06681073  0.003712365 0.01748691 0.04164621  2.025e-05         -1        1  
    6 32768.0000          1   384000    64000    64000    22697  0.05976562  0.0515625  0.0515625 0.07299309 0.05940187  0.01387284 0.04373744 0.06845784 5.485254e-05         -1        1  
    6 32768.0000          1   768000   128000   128000    45563  0.06232031 0.04392968 0.04392968 0.06169708  0.0431697  0.009424637 0.04142769 0.05937164 1.8479e-06         -1        1  
    6 32768.0000          1  1000002   166667   166667    59219  0.06004488  0.0463364  0.0463364 0.05222983 0.03984141  0.009576805 0.03958071 0.06844033 7.784069e-06         -1        1  
