#  nT     T_hot    cold_rate  n_pi_eval  gen    n_try    n_acc    tvd_ndim   tvd_orth   tvd_refl   tvd_1d1   tvd_1dall     dmusq      ksd       edfs       sq_avg_q    sq_avg_p      T 
    1    1.0000          1     1000     1000     1000      148   0.9765625     0.9115     0.9115  0.9361111  0.6292777    10.42373  0.8891238 0.04456982   0.005776         -1        1  
    1    1.0000          1     2000     2000     2000      291   0.9765625     0.9245     0.9245  0.9361111  0.5926389    10.40867  0.8890961 0.04696989   0.000484         -1        1  
    1    1.0000          1     4000     4000     4000      609   0.9721562    0.91325    0.91325  0.9361111  0.5413612    10.40492  0.8890961 0.04632391   0.002209         -1        1  
    1    1.0000          1     8000     8000     8000     1245    0.967125      0.909      0.909  0.9361111  0.5062813    10.40345  0.8890704 0.04679017 0.002782562         -1        1  
    1    1.0000          1    16000    16000    16000     2455   0.9679375   0.912375   0.912375  0.9361111  0.4912361    10.40807  0.8889355 0.05387168  7.225e-05         -1        1  
    1    1.0000          1    32000    32000    32000     4795   0.9683437      0.913      0.913  0.9361111  0.4701163    10.41515  0.8889355 0.05504445   0.000441         -1        1  
    1    1.0000          1    64000    64000    64000     9583      0.9685  0.9101719  0.9101719  0.9361111   0.458878     10.4174  0.8889112 0.05962459 5.393066e-05         -1        1  
    1    1.0000          1   128000   128000   128000    19198   0.9684766  0.9067812  0.9067812  0.9361111  0.4498084    10.41782  0.8889031 0.06229902 1.07666e-07         -1        1  
    1    1.0000          1   256000   256000   256000    38184   0.9653086  0.8596172  0.8596172  0.9027778  0.4094846    11.23387  0.8888915  0.2302424 1.920905e-05         -1        1  
    1    1.0000          1   512000   512000   512000    76538   0.9567812  0.8545703  0.8545703  0.9027778  0.4027778    12.62517  0.8888915  0.6260032 4.683167e-06         -1        1  
    1    1.0000          1  1000000  1000000  1000000   149861   0.9082357       0.75       0.75  0.8888889  0.2911126    12.34708  0.8888915  0.9734417 1.035552e-05         -1        1  
