# T:          1         0        0      31250     9353     31250    20383 
# T:    1.38294         0        0      31250     9172     31250    20790 
# T:    1.91253         0        0      31250     9426     31250    21922 
# T:    2.64492         0        0      31250     9430     31250    22580 
# T:    3.65778         0        0      31250     9303     31250    23170 
# T:     5.0585         0        0      31250     9505     31250    23324 
# T:    6.99562         0        0      31250     9349     31250    23478 
# T:    9.67454         0        0      31250     9337     31250    23649 
# T:    13.3793         0        0      31250     9414     31250    23744 
# T:    18.5029         0        0      31250     9415     31250    23744 
# T:    25.5884         0        0      31250     9374     31250    23921 
# T:    35.3873         0        0      31250     9347     31250    23842 
# T:    48.9387         0        0      31250     9587     31250    23834 
# T:    67.6794         0        0      31250     9929     31250    24256 
# T:    93.5968         0        0      31250    11343     31250    24958 
# T:    129.439         0        0      31250    13218     31250    25679 
# T:    179.007         0        0      31250    15075     31250    26315 
# T:    247.556         0        0      31250    17230     31250    27064 
# T:    342.356         0        0      31250    18982     31250    27438 
# T:    473.459         0        0      31250    19892     31250    27490 
# T:    654.767         0        0      31250    20600     31250    27525 
# T:    905.506         0        0      31250    20582     31250    27448 
# T:    1252.26         0        0      31250    20493     31250    27279 
# T:    1731.81         0        0      31250    19758     31250    27113 
# T:    2394.99         0        0      31250    19193     31250    26859 
# T:    3312.14         0        0      31250    18504     31250    26432 
# T:     4580.5         0        0      31250    17508     31250    26160 
# T:    6334.58         0        0      31250    16797     31250    25838 
# T:    8760.36         0        0      31250    15990     31250    25567 
# T:    12115.1         0        0      31250    15206     31250    25595 
# T:    16754.5         0        0      31250    14486     31250    25119 
# T:    23170.5         0        0      31250    13627 
