# T:          1         0        0     312500    89950    312500   212683 
# T:     1.2596         0        0     312500    90556    312500   212248 
# T:    1.58659         0        0     312500    90236    312500   216700 
# T:    1.99847         0        0     312500    90137    312500   223428 
# T:    2.51727         0        0     312500    90050    312500   229468 
# T:    3.17076         0        0     312500    90263    312500   235478 
# T:    3.99388         0        0     312500    89741    312500   240095 
# T:     5.0307         0        0     312500    89675    312500   243542 
# T:    6.33666         0        0     312500    89961    312500   246703 
# T:    7.98166         0        0     312500    90356    312500   248170 
# T:    10.0537         0        0     312500    90194    312500   249904 
# T:    12.6636         0        0     312500    91920    312500   251388 
# T:    15.9511         0        0     312500    94854    312500   253838 
# T:     20.092         0        0     312500   101937    312500   256873 
# T:    25.3079         0        0     312500   111018    312500   261375 
# T:    31.8778         0        0     312500   123043    312500   265823 
# T:    40.1533         0        0     312500   137070    312500   270743 
# T:    50.5771         0        0     312500   152115    312500   274663 
# T:    63.7069         0        0     312500   165875    312500   277917 
# T:    80.2452         0        0     312500   178036    312500   280494 
# T:    101.077         0        0     312500   187501    312500   281934 
# T:    127.316         0        0     312500   194696    312500   282475 
# T:    160.368         0        0     312500   199233    312500   282645 
# T:    201.999         0        0     312500   200808    312500   281922 
# T:    254.438         0        0     312500   199994    312500   280913 
# T:     320.49         0        0     312500   197785    312500   279522 
# T:    403.689         0        0     312500   194631    312500   278406 
# T:    508.487         0        0     312500   189540    312500   277016 
# T:     640.49         0        0     312500   184695    312500   275173 
# T:    806.761         0        0     312500   179473    312500   273416 
# T:     1016.2         0        0     312500   173349    312500   272217 
# T:       1280         0        0     312500   167476 
