#  nT     T_hot    cold_rate  n_pi_eval  gen    n_try    n_acc    tvd_ndim   tvd_orth   tvd_refl   tvd_1d1   tvd_1dall     dmusq      ksd       edfs       sq_avg_q    sq_avg_p      T 
   32 1280.0000          1    32000     1000     1000      273   0.7353516    0.30125    0.30125  0.4716666  0.2780889    0.591028  0.2889674  0.4558814   0.003136         -1        1  
   32 1280.0000          1    64000     2000     2000      554   0.6819609    0.33525    0.33525  0.3968888  0.2358888   0.5955366  0.2929674  0.4680763    3.6e-05         -1        1  
   32 1280.0000          1   128000     4000     4000     1152   0.6201016     0.2865     0.2865  0.3379722  0.1813666   0.5152818  0.2870727  0.4041537   0.000289         -1        1  
   32 1280.0000          1   256000     8000     8000     2327    0.570125   0.277375   0.277375  0.2959443  0.1682888   0.4167719  0.2672879  0.3634527 0.001278062         -1        1  
   32 1280.0000          1   512000    16000    16000     4585   0.4402656  0.2094375  0.2094375  0.2309861  0.1478667   0.2432833  0.2096352  0.2862073   0.000144         -1        1  
   32 1280.0000          1  1024000    32000    32000     9163   0.3802422   0.197125   0.197125  0.2316215  0.1428424   0.2515714  0.2262818  0.3156303  3.025e-05         -1        1  
   32 1280.0000          1  2048000    64000    64000    18435   0.3483125  0.1842812  0.1842812    0.13025  0.1411875   0.2170864  0.1237075  0.1936265 2.346191e-05         -1        1  
   32 1280.0000          1  4096000   128000   128000    36801   0.1923906 0.09526561 0.09526561 0.06493918 0.06368023  0.03409367 0.05788355 0.09500607 2.010962e-05         -1        1  
   32 1280.0000          1  8192000   256000   256000    73645    0.107543 0.04968749 0.04968749 0.05796655 0.03170416  0.00687193 0.05461517  0.0640149 1.40625e-05         -1        1  
   32 1280.0000          1 10000000   312500   312500    89950  0.09020992 0.04458199 0.04458199   0.041412 0.02817511  0.003908079 0.03099737 0.03503808 9.714442e-06         -1        1  
