# T:          1         0        0      62500    27983     62500    40755 
# T:          2         0        0      62500    27870     62500    44831 
# T:          4         0        0      62500    27704     62500    47532 
# T:          8         0        0      62500    27849     62500    48324 
# T:         16         0        0      62500    27833     62500    48781 
# T:         32         0        0      62500    28273     62500    49046 
# T:         64         0        0      62500    31986     62500    50207 
# T:        128         0        0      62500    39897     62500    52461 
# T:        256         0        0      62500    46477     62500    55263 
# T:        512         0        0      62500    49137     62500    56418 
# T:       1024         0        0      62500    48863     62500    56378 
# T:       2048         0        0      62500    47158     62500    55664 
# T:       4096         0        0      62500    43926     62500    54716 
# T:       8192         0        0      62500    40485     62500    53612 
# T:      16384         0        0      62500    37609     62500    52406 
# T:      32768         0        0      62500    34764 
