# T:          1         0        0      62500    16742     62500    13706 
# T:    1.95432         0        0      62500    16815     62500    17702 
# T:    3.81937         0        0      62500    16915     62500    20598 
# T:    7.46426         0        0      62500    16891     62500    22087 
# T:    14.5876         0        0      62500    16886     62500    21971 
# T:    28.5088         0        0      62500    16810     62500    22664 
# T:    55.7152         0        0      62500    17382     62500    24571 
# T:    108.885         0        0      62500    20784     62500    31320 
# T:    212.797         0        0      62500    28128     62500    37866 
# T:    415.873         0        0      62500    34675     62500    40313 
# T:    812.749         0        0      62500    37434     62500    38861 
# T:    1588.37         0        0      62500    36297     62500    36172 
# T:    3104.19         0        0      62500    33843     62500    33519 
# T:    6066.58         0        0      62500    30907     62500    31076 
# T:      11856         0        0      62500    27881     62500    29276 
# T:    23170.5         0        0      62500    25181 
