#  nT     T_hot    cold_rate  n_pi_eval  gen    n_try    n_acc    tvd_ndim   tvd_orth   tvd_refl   tvd_1d1   tvd_1dall     dmusq      ksd       edfs       sq_avg_q    sq_avg_p      T 
    4 4096.0000          1     4000     1000     1000      303       0.871      0.871      0.139  0.6163334  0.2570555   0.5069707   0.506585  0.4267155     0.0001         -1        1  
    4 4096.0000          1     8000     2000     2000      637   0.6774375      0.663      0.068  0.4610556  0.1846388   0.2576787  0.3358738  0.3385768   0.001089         -1        1  
    4 4096.0000          1    16000     4000     4000     1238   0.5844062    0.54775    0.06225  0.2869445  0.1425694  0.03526917  0.0276679 0.01576429   0.000625         -1        1  
    4 4096.0000          1    32000     8000     8000     2473   0.4493438    0.40475   0.051875  0.2167362 0.09620499   0.0514708 0.07819692 0.07655417 0.00013225         -1        1  
    4 4096.0000          1    64000    16000    16000     4885   0.3194375  0.3039375    0.03425  0.1454652 0.07313014  0.01755395 0.02036261 0.01182773 5.0625e-06         -1        1  
    4 4096.0000          1   128000    32000    32000     9797      0.2125     0.1955    0.02475  0.1150381 0.05321689  0.00687879 0.04598486 0.04576269 8.55625e-05         -1        1  
    4 4096.0000          1   256000    64000    64000    19531   0.1361875  0.1147969 0.01378125 0.07576568 0.05563759  0.01350774 0.01147761 0.01078475 9.689941e-05         -1        1  
    4 4096.0000          1   512000   128000   128000    38922     0.12475  0.1167812  0.0104375 0.07757204 0.02860731  0.01150299 0.06515029  0.0651956 0.0001186057         -1        1  
    4 4096.0000          1  1000000   250000   250000    75985  0.09041575   0.083236 0.005636003 0.04061021 0.02203406  0.003124812 0.02356294 0.02371803 3.326976e-06         -1        1  
