#  nT     T_hot    cold_rate  n_pi_eval  gen    n_try    n_acc    tvd_ndim   tvd_orth   tvd_refl   tvd_1d1   tvd_1dall     dmusq      ksd       edfs       sq_avg_q    sq_avg_p      T 
    4 23170.4750          1     4000     1000     1000      288   0.9924316    0.93275    0.93275  0.8757778  0.4436667    21.26673  0.7634833  0.0359989    3.6e-05         -1        1  
    4 23170.4750          1     8000     2000     2000      566   0.9912109   0.939375   0.939375  0.8722222  0.3982499    21.26545  0.7631043 0.03688546   0.001296         -1        1  
    4 23170.4750          1    16000     4000     4000     1110   0.9892578   0.935625   0.935625  0.8722222  0.3702222     21.2448  0.7619487 0.05177207   0.000324         -1        1  
    4 23170.4750          1    32000     8000     8000     2190    0.987793      0.931      0.931  0.8722222  0.3554514    21.23391  0.7619386 0.05215113 3.30625e-05         -1        1  
    4 23170.4750          1    64000    16000    16000     4424   0.9872363  0.9233125  0.9233125  0.8722222  0.3491146    21.23984  0.7619386 0.05432249 3.515625e-06         -1        1  
    4 23170.4750          1   128000    32000    32000     9022   0.9828242  0.9153125  0.9153125  0.8670347  0.3252743    20.87515  0.7619079  0.2298043 0.0001942539         -1        1  
    4 23170.4750          1   256000    64000    64000    17963   0.9461426  0.8971875  0.8971875  0.6164132  0.2906094    6.676714  0.5079901  0.5201613 4.987891e-05         -1        1  
    4 23170.4750          1   512000   128000   128000    35636   0.9461758  0.8927891  0.8927891   0.582974  0.1339171    7.474911  0.5083474   1.602022 0.0001570322         -1        1  
    4 23170.4750          1  1000000   250000   250000    69876   0.9524003   0.867537   0.867537  0.5450102  0.1927138    8.166692  0.5187182   1.905832 2.138138e-05         -1        1  
