# /home/tomfy/mcmc_toy/src/mcmc_toy; 4; 1; 0.0; 1.0; 1.0; 1000000; 1; 1; 1; gaussian; 0.6541; 0.595; 0; 4; 360; 564885; mcmc; 1; 
# n_dimensions: 4 
# n_peaks: 1 
# peak 0; position,sigma,weight:  0.00000  1.00000  1.00000 
# target mean, variance:                0                1 
# burn-in, mcmc steps: 0 1000000 
# n temperatures: 1 
#  T, rate, Proposal(shape,W1,W2,p1):   1.00000  1.00000      gaussian  0.65410  0.59500  0.00000 
#  n_bins: 4 n_bins_1d: 360 
# seed: 564885  chain_type: mcmc neighbor_swap_only: 1 
    1000 0.08646843 0.08042026  0.1495443    0.13588  0.3712322  0.1889678 
    2000 0.04332094 0.05357362  0.1002198   0.098175  0.2672439  0.1345801 
    4000 0.02230781 0.03681412 0.06846048   0.069495   0.188315 0.09509382 
    8000 0.01145671 0.02703402 0.05178449  0.0500125  0.1338681 0.06735184 
   16000 0.00558251 0.01810311 0.03527304 0.03452625 0.09457924 0.04757721 
   32000 0.002632538 0.01288333 0.02453761 0.02368281 0.06731875 0.03374188 
   64000 0.001361481 0.008837488 0.01677912 0.01732594 0.04764332 0.02385351 
  128000 0.0006532217 0.006295135 0.01197783 0.01209008 0.03370194 0.01682021 
  256000 0.0003285054 0.004779426 0.009065696 0.00851043 0.02376343 0.01191945 
  512000 0.0001680055 0.003569906 0.006941005 0.006156192  0.0168646 0.008427848 
 1000000 8.580489e-05 0.002303946 0.004411007 0.00446133  0.0120759 0.006029694 

# /home/tomfy/mcmc_toy/src/mcmc_toy; 4; 1; 0.0; 1.0; 1.0; 1000000; 1; 1; 1; gaussian; 0.6541; 0.841457069611992; 0; 4; 360; 52543; mcmc; 1; 
# n_dimensions: 4 
# n_peaks: 1 
# peak 0; position,sigma,weight:  0.00000  1.00000  1.00000 
# target mean, variance:                0                1 
# burn-in, mcmc steps: 0 1000000 
# n temperatures: 1 
#  T, rate, Proposal(shape,W1,W2,p1):   1.00000  1.00000      gaussian  0.65410  0.84146  0.00000 
#  n_bins: 4 n_bins_1d: 360 
# seed: 52543  chain_type: mcmc neighbor_swap_only: 1 
    1000 0.06559726 0.07365859  0.1341221   0.126685  0.4327333  0.2223064 
    2000 0.03111962 0.05246382    0.09707   0.086665  0.3150483  0.1587633 
    4000 0.01434732 0.03422122 0.06099582   0.059945  0.2228697   0.112268 
    8000 0.007256702 0.02600737 0.04538023  0.0435925  0.1593365 0.08030628 
   16000 0.003758862 0.01785079 0.03099528  0.0310175  0.1126236  0.0569404 
   32000 0.001833971 0.01293887 0.02240532 0.02174656 0.07926434 0.04025916 
   64000 0.0009541895 0.009034306 0.01574353 0.01583828  0.0560687 0.02822466 
  128000 0.0004618789 0.006140764 0.01065506 0.01096094 0.03966355  0.0198903 
  256000 0.0002067234 0.004318788 0.007305463 0.007619571 0.02808918 0.01406934 
  512000 0.0001159865 0.003114746 0.005434833 0.005504648 0.01983787 0.009938923 
 1000000 5.781656e-05 0.002254305 0.003937435 0.00410978 0.01427785 0.007178423 

# /home/tomfy/mcmc_toy/src/mcmc_toy; 4; 1; 0.0; 1.0; 1.0; 1000000; 1; 1; 1; gaussian; 0.6541; 1.19; 0; 4; 360; 969674; mcmc; 1; 
# n_dimensions: 4 
# n_peaks: 1 
# peak 0; position,sigma,weight:  0.00000  1.00000  1.00000 
# target mean, variance:                0                1 
# burn-in, mcmc steps: 0 1000000 
# n temperatures: 1 
#  T, rate, Proposal(shape,W1,W2,p1):   1.00000  1.00000      gaussian  0.65410  1.19000  0.00000 
#  n_bins: 4 n_bins_1d: 360 
# seed: 969674  chain_type: mcmc neighbor_swap_only: 1 
    1000 0.04819219 0.07587661  0.1153805   0.133385  0.5348789  0.2869283 
    2000 0.02499195 0.05644705  0.0919481    0.09482  0.3962161  0.2043611 
    4000 0.01234712 0.04072416 0.06542917    0.06718  0.2845017  0.1449767 
    8000 0.006638425 0.02774409 0.04505027 0.04813125  0.2030136  0.1029722 
   16000 0.003289952 0.02069694 0.03293848 0.03375937  0.1449131 0.07292078 
   32000 0.001704709 0.01442299 0.02355764  0.0236525  0.1028669 0.05191857 
   64000 0.0008354773 0.01010162 0.01595905 0.01684656 0.07278964 0.03678742 
  128000 0.0003999583 0.006835211 0.01099345 0.01180422 0.05139232 0.02594425 
  256000 0.0002014002 0.004991922 0.007943113 0.00850332 0.03654523 0.01829655 
  512000 0.0001074295 0.003454363 0.005638701 0.005927598 0.02583967  0.0129522 
 1000000 5.98126e-05 0.002577042 0.004230608 0.00436679 0.01848727 0.009252929 

# /home/tomfy/mcmc_toy/src/mcmc_toy; 4; 1; 0.0; 1.0; 1.0; 1000000; 1; 1; 1; gaussian; 0.6541; 1.68291413922398; 0; 4; 360; 905011; mcmc; 1; 
# n_dimensions: 4 
# n_peaks: 1 
# peak 0; position,sigma,weight:  0.00000  1.00000  1.00000 
# target mean, variance:                0                1 
# burn-in, mcmc steps: 0 1000000 
# n temperatures: 1 
#  T, rate, Proposal(shape,W1,W2,p1):   1.00000  1.00000      gaussian  0.65410  1.68291  0.00000 
#  n_bins: 4 n_bins_1d: 360 
# seed: 905011  chain_type: mcmc neighbor_swap_only: 1 
    1000 0.06264052 0.09702148  0.1368332    0.18064  0.6742456  0.3941844 
    2000 0.03007874 0.06585141 0.09285209    0.12933  0.5292567  0.2864756 
    4000 0.01433819 0.04967943 0.06789013  0.0924075  0.3944272  0.2069742 
    8000 0.00753749 0.03599005  0.0503594 0.06537375  0.2889681  0.1485417 
   16000 0.003764646 0.02516078 0.03519412 0.04476312  0.2070753  0.1046433 
   32000 0.001868016 0.01797852 0.02593679 0.03132813  0.1469407 0.07391275 
   64000 0.00116431 0.01332822 0.01937307 0.02306359  0.1045885 0.05217934 
  128000 0.0005760442 0.01003971 0.01450029  0.0160625 0.07406625 0.03702282 
  256000 0.0002566971 0.006494509 0.009329792 0.01118648 0.05214236 0.02615931 
  512000 0.0001389083 0.004583181 0.006681687 0.007897266 0.03686555 0.01856904 
 1000000 7.067578e-05 0.003311613 0.004755621 0.00562895 0.02650907 0.01326397 

# /home/tomfy/mcmc_toy/src/mcmc_toy; 4; 1; 0.0; 1.0; 1.0; 1000000; 1; 1; 1; gaussian; 0.6541; 2.38; 0; 4; 360; 335013; mcmc; 1; 
# n_dimensions: 4 
# n_peaks: 1 
# peak 0; position,sigma,weight:  0.00000  1.00000  1.00000 
# target mean, variance:                0                1 
# burn-in, mcmc steps: 0 1000000 
# n temperatures: 1 
#  T, rate, Proposal(shape,W1,W2,p1):   1.00000  1.00000      gaussian  0.65410  2.38000  0.00000 
#  n_bins: 4 n_bins_1d: 360 
# seed: 335013  chain_type: mcmc neighbor_swap_only: 1 
    1000  0.1086044  0.1440257  0.1894726   0.278315  0.8278611  0.5768458 
    2000 0.05396345  0.1080922   0.141122   0.198295  0.7169367  0.4398387 
    4000 0.02644677 0.07672224 0.09946796  0.1364225  0.5734528  0.3221036 
    8000 0.01382054   0.054647 0.06985329    0.09628  0.4345597  0.2323139 
   16000 0.006845888 0.03864663 0.05028254 0.07076375  0.3200213  0.1657662 
   32000 0.00348471 0.02694657 0.03496664   0.051935  0.2312752  0.1184122 
   64000 0.001643199 0.02006522 0.02541553 0.03707172  0.1662879 0.08383968 
  128000 0.0008855267 0.01422021 0.01870754 0.02583781  0.1185606 0.05964677 
  256000 0.0004489903 0.009850063 0.01311415 0.01799742 0.08403875 0.04235199 
  512000 0.0002347351 0.006877882 0.009289202 0.01244674 0.05959466 0.02992549 
 1000000 0.0001262407 0.005068671 0.006552263 0.00887674 0.04302182 0.02143593 

