#  nT     T_hot    cold_rate  n_pi_eval  gen    n_try    n_acc    tvd_ndim   tvd_orth   tvd_refl   tvd_1d1   tvd_1dall     dmusq      ksd       edfs       sq_avg_q    sq_avg_p      T 
    1    1.0000          1     1000     1000     1000       76      0.7865      0.289      0.242  0.8286667  0.5841389   0.1706669  0.1687838  0.1884185   0.000324         -1        1  
    1    1.0000          1     2000     2000     2000      157   0.6576563      0.198     0.1955  0.6982778  0.4260417   0.1279544  0.1142927  0.2082936   0.000841         -1        1  
    1    1.0000          1     4000     4000     4000      326   0.5132187     0.1275     0.1295    0.54875  0.3099306  0.02067564 0.06431245 0.07559285   0.014161         -1        1  
    1    1.0000          1     8000     8000     8000      630   0.3695625    0.07775      0.124  0.4146667  0.2200139  0.01243487 0.07193745 0.08568231 0.00065025         -1        1  
    1    1.0000          1    16000    16000    16000     1253     0.26675    0.05975  0.0740625  0.3084236  0.1508594  0.002904806 0.03759917  0.0438186 3.30625e-05         -1        1  
    1    1.0000          1    32000    32000    32000     2454    0.203125 0.04496875   0.062125  0.2496701  0.1121988  0.005257542 0.02369143 0.03183984 0.00060025         -1        1  
    1    1.0000          1    64000    64000    64000     4921   0.1410625 0.03153125 0.03623437  0.1751875 0.08005034  0.002167843 0.01447069  0.0135255 4.144141e-05         -1        1  
    1    1.0000          1   128000   128000   128000     9714  0.09480469 0.02673437 0.02697656  0.1242396 0.05687107  0.001239337 0.01008221 0.01647479 0.0001601807         -1        1  
    1    1.0000          1   256000   256000   256000    19467  0.06878906 0.01863281 0.02021484 0.08623568 0.04115354  0.001189787 0.007443418 0.00967635 0.0001353223         -1        1  
    1    1.0000          1   512000   512000   512000    38472  0.04836133  0.0125957 0.01225195 0.05818555 0.02814833  0.0002964703 0.004728976 0.004938093 1.712418e-06         -1        1  
    1    1.0000          1  1000000  1000000  1000000    76121   0.0330425   0.008182   0.006829  0.0408799   0.020349  9.732808e-05 0.002474511 0.003258292 1.12896e-07         -1        1  
