# T:          1         0        0      38462    17117     38462    30125 
# T:        1.5         0        0      38462    17179     38462    31002 
# T:       2.25         0        0      38462    17094     38462    32018 
# T:      3.375         0        0      38462    17293     38462    32686 
# T:     5.0625         0        0      38462    17223     38462    33189 
# T:    7.59375         0        0      38462    16881     38462    33256 
# T:    11.3906         0        0      38462    16980     38462    33461 
# T:    17.0859         0        0      38462    16931     38462    33598 
# T:    25.6289         0        0      38462    17161     38462    33611 
# T:    38.4434         0        0      38462    17591     38462    33408 
# T:     57.665         0        0      38462    19393     38462    33683 
# T:    86.4976         0        0      38462    21518     38462    34076 
# T:    129.746         0        0      38462    24479     38462    34641 
# T:     194.62         0        0      38462    27098     38462    35229 
# T:    291.929         0        0      38462    28962     38462    35776 
# T:    437.894         0        0      38462    30088     38462    36200 
# T:    656.841         0        0      38462    30494     38462    36311 
# T:    985.261         0        0      38462    30185     38462    36351 
# T:    1477.89         0        0      38462    29660     38462    36135 
# T:    2216.84         0        0      38462    28715     38462    35985 
# T:    3325.26         0        0      38462    27704     38462    35769 
# T:    4987.89         0        0      38462    26397     38462    35600 
# T:    7481.83         0        0      38462    25273     38462    35391 
# T:    11222.7         0        0      38462    24064     38462    35044 
# T:    16834.1         0        0      38462    22937     38462    34859 
# T:    25251.2         0        0      38462    21954 
