#  nT     T_hot    cold_rate  n_pi_eval  gen    n_try    n_acc    tvd_ndim   tvd_orth   tvd_refl   tvd_1d1   tvd_1dall     dmusq      ksd       edfs       sq_avg_q    sq_avg_p      T 
    6 32768.0000          1     6000     1000     1000      258    0.997345  0.9921875  0.5092813  0.6511111  0.2176666    1.148759  0.5017223 0.02022286   0.001024         -1        1  
    6 32768.0000          1    12000     2000     2000      537   0.9954987  0.9921875   0.383375  0.5817778  0.1619931    1.088514  0.5016222 0.01893235   0.001156         -1        1  
    6 32768.0000          1    24000     4000     4000     1071   0.9943695  0.9882813    0.28625  0.5146111  0.1082431    1.385945  0.4946222  0.4743974   0.006561         -1        1  
    6 32768.0000          1    48000     8000     8000     2140   0.9871063  0.9804688  0.1946563  0.2204166 0.08114919  0.07599227  0.1078722  0.1061333  5.625e-05         -1        1  
    6 32768.0000          1    96000    16000    16000     4316   0.9794769     0.9685  0.1352188   0.251632  0.0640305     0.25488  0.2367295   0.235485 3.751563e-05         -1        1  
    6 32768.0000          1   192000    32000    32000     8656   0.9668884  0.9529375     0.0995  0.3640903 0.05057388   0.3329523  0.3638616  0.3630556 0.0004730625         -1        1  
    6 32768.0000          1   384000    64000    64000    17310    0.937149   0.913625 0.07053125  0.3446406 0.03789716   0.1729966  0.3446906  0.3443487 8.61416e-05         -1        1  
    6 32768.0000          1   768000   128000   128000    34512   0.8795138  0.8449766 0.05233594  0.1188576 0.01925802  0.08163188  0.1165988  0.1164411 8.789063e-09         -1        1  
    6 32768.0000          1  1000002   166667   166667    44695   0.8531386  0.8125855 0.04364066  0.1464332 0.01682797  0.08345175  0.1460362  0.1460486 2.134431e-07         -1        1  
