# T:          1         0        0      62500    16506     62500    22938 
# T:    1.95432         0        0      62500    16750     62500    22446 
# T:    3.81937         0        0      62500    16778     62500    22447 
# T:    7.46426         0        0      62500    16896     62500    22263 
# T:    14.5876         0        0      62500    16800     62500    22827 
# T:    28.5088         0        0      62500    16908     62500    22676 
# T:    55.7152         0        0      62500    16873     62500    23031 
# T:    108.885         0        0      62500    17171     62500    24788 
# T:    212.797         0        0      62500    19726     62500    27830 
# T:    415.873         0        0      62500    23319     62500    29509 
# T:    812.749         0        0      62500    24870     62500    28886 
# T:    1588.37         0        0      62500    24311     62500    27049 
# T:    3104.19         0        0      62500    22739     62500    26293 
# T:    6066.58         0        0      62500    21394     62500    24906 
# T:      11856         0        0      62500    19995     62500    24358 
# T:    23170.5         0        0      62500    19218 
