#  nT     T_hot    cold_rate  n_pi_eval  gen    n_try    n_acc    tvd_ndim   tvd_orth   tvd_refl   tvd_1d1   tvd_1dall     dmusq      ksd       edfs       sq_avg_q    sq_avg_p      T 
    1    1.0000          1     1000     1000     1000        2        0.75        0.5        0.5  0.9916667  0.9916667   0.7826302   0.558665 0.001999447          1         -1        1  
    1    1.0000          1     2000     2000     2000        4       0.562        0.5        0.5  0.9861111  0.9861111   0.8002964   0.558665 0.00262508   0.389376         -1        1  
    1    1.0000          1     4000     4000     4000        5         0.5        0.5        0.5  0.9833334  0.9833334   0.8274939   0.558665 0.01591278   0.035344         -1        1  
    1    1.0000          1     8000     8000     8000       10    0.201375   0.201375   0.201375  0.9694445  0.9694445   0.2052797    0.26004  0.2533078 0.09409556         -1        1  
    1    1.0000          1    16000    16000    16000       28    0.115125    0.09425    0.09425  0.9283959  0.9283959  0.05929006  0.2452891  0.2656797 0.01856406         -1        1  
    1    1.0000          1    32000    32000    32000       44   0.1345625 0.08209375 0.08209375  0.8938125  0.8938125  0.05261099  0.1791148  0.2253097 0.08806056         -1        1  
    1    1.0000          1    64000    64000    64000      104  0.05153125 0.01101563 0.01101563  0.7858455  0.7858455  0.008918852  0.1276823 0.09344443 0.03083317         -1        1  
    1    1.0000          1   128000   128000   128000      230  0.04480469 0.03103907 0.03103907  0.6377657  0.6377657  3.811907e-05  0.0943429 0.05604759 0.01491833         -1        1  
    1    1.0000          1   256000   256000   256000      517      0.0485     0.0485     0.0485  0.4850456  0.4850456  0.003094178 0.05543204 0.06896542 0.01145736         -1        1  
    1    1.0000          1   512000   512000   512000      967   0.0345957  0.0345957  0.0345957  0.3630373  0.3630373  0.0001750494 0.04693029 0.06582508 0.002548278         -1        1  
    1    1.0000          1  1000000  1000000  1000000     1760    0.019979 0.002541996 0.002541996  0.2745782  0.2745782  0.0004438155 0.01908144 0.03144468 0.000667809         -1        1  
