# T:          1         0        0      62500    27909     62500    51462 
# T:     1.7411         0        0      62500    28088     62500    51627 
# T:    3.03143         0        0      62500    27829     62500    51599 
# T:    5.27803         0        0      62500    28078     62500    51742 
# T:    9.18959         0        0      62500    29136     62500    51825 
# T:         16         0        0      62500    32373     62500    52480 
# T:    27.8576         0        0      62500    35725     62500    53332 
# T:    48.5029         0        0      62500    37655     62500    54261 
# T:    84.4485         0        0      62500    37658     62500    54386 
# T:    147.033         0        0      62500    36396     62500    54127 
# T:        256         0        0      62500    34654     62500    53739 
# T:    445.722         0        0      62500    33028     62500    53381 
# T:    776.047         0        0      62500    31985     62500    52696 
# T:    1351.18         0        0      62500    31039     62500    52551 
# T:    2352.53         0        0      62500    30339     62500    52376 
# T:       4096         0        0      62500    29493 
