# T:          1         0        0      31250     8410     31250    18319 
# T:    1.36757         0        0      31250     8461     31250    11813 
# T:    1.87024         0        0      31250     8296     31250    15669 
# T:    2.55769         0        0      31250     8510     31250    17295 
# T:    3.49781         0        0      31250     8291     31250    18561 
# T:    4.78349         0        0      31250     8314     31250    19507 
# T:    6.54175         0        0      31250     8383     31250    20219 
# T:    8.94629         0        0      31250     8295     31250    20414 
# T:    12.2347         0        0      31250     8325     31250    20681 
# T:    16.7317         0        0      31250     8299     31250    20762 
# T:    22.8818         0        0      31250     8353     31250    20790 
# T:    31.2924         0        0      31250     8446     31250    20846 
# T:    42.7945         0        0      31250     8507     31250    20990 
# T:    58.5245         0        0      31250     8599     31250    21115 
# T:    80.0362         0        0      31250     9219     31250    22205 
# T:    109.455         0        0      31250    10310     31250    22912 
# T:    149.687         0        0      31250    11970     31250    23984 
# T:    204.707         0        0      31250    13801     31250    24897 
# T:    279.951         0        0      31250    15402     31250    25560 
# T:    382.853         0        0      31250    17051     31250    25858 
# T:    523.577         0        0      31250    18037     31250    25717 
# T:    716.027         0        0      31250    18643     31250    25848 
# T:    979.216         0        0      31250    18922     31250    25539 
# T:    1339.15         0        0      31250    18500     31250    25143 
# T:    1831.37         0        0      31250    18159     31250    24930 
# T:    2504.53         0        0      31250    17441     31250    24411 
# T:    3425.11         0        0      31250    16780     31250    24131 
# T:    4684.07         0        0      31250    16064     31250    23949 
# T:    6405.79         0        0      31250    15086     31250    23628 
# T:    8760.36         0        0      31250    14531     31250    23045 
# T:    11980.4         0        0      31250    13786     31250    22729 
# T:      16384         0        0      31250    13139 
