#  nT     T_hot    cold_rate  n_pi_eval  gen    n_try    n_acc    tvd_ndim   tvd_orth   tvd_refl   tvd_1d1   tvd_1dall     dmusq      ksd       edfs       sq_avg_q    sq_avg_p      T 
   32 1600.0000          1    32000     1000     1000      269   0.9943237  0.7185312  0.7185312  0.5634443  0.1873749   0.6464654  0.1720052  0.2029146    1.6e-05         -1        1  
   32 1600.0000          1    64000     2000     2000      559    0.989502  0.7055312  0.7055312  0.4612221  0.1302778   0.6310162  0.1758673  0.1848577   0.000576         -1        1  
   32 1600.0000          1   128000     4000     4000     1060   0.9816742  0.6794375  0.6794375  0.3918054 0.09940623   0.4976153  0.1525745  0.2095908   0.000576         -1        1  
   32 1600.0000          1   256000     8000     8000     2174   0.9688416  0.6590937  0.6590937  0.3176388 0.07892707   0.4030876  0.1290745  0.2062785 6.80625e-05         -1        1  
   32 1600.0000          1   512000    16000    16000     4291   0.9548035     0.6535     0.6535    0.27825 0.06294184   0.3448793  0.1216689  0.2138501 7.5625e-06         -1        1  
   32 1600.0000          1  1024000    32000    32000     8569   0.9332886  0.6499375  0.6499375  0.2425555 0.06043134   0.3495617  0.1006243  0.2210856  2.025e-05         -1        1  
   32 1600.0000          1  2048000    64000    64000    17110   0.8987122  0.6384687  0.6384687  0.2096007  0.0715603   0.6015422  0.1524854   0.212094 6.201563e-05         -1        1  
   32 1600.0000          1  4096000   128000   128000    34095   0.8796893  0.6464297  0.6464297  0.2176667 0.08041185   0.8543975  0.2166379  0.2753921 4.472266e-05         -1        1  
   32 1600.0000          1  8192000   256000   256000    68568   0.8310264  0.5778086  0.5778086  0.1222283 0.06490055   0.8624195  0.1220367  0.2112143 2.465881e-06         -1        1  
   32 1600.0000          1 10000000   312500   312500    83478   0.8295223  0.5739084  0.5739084  0.1033829 0.06118219   0.8779649  0.1034042  0.1976096 8.143258e-07         -1        1  
