# T:          1         0        0      21740     5764     21740    14580 
# T:       1.25         0        0      21740     5881     21740    14952 
# T:     1.5625         0        0      21740     5708     21740    14870 
# T:    1.95312         0        0      21740     5855     21740    15328 
# T:    2.44141         0        0      21740     5904     21740    15616 
# T:    3.05176         0        0      21740     5816     21740    15765 
# T:     3.8147         0        0      21740     5895     21740    16160 
# T:    4.76837         0        0      21740     5768     21740    16237 
# T:    5.96046         0        0      21740     5835     21740    16354 
# T:    7.45058         0        0      21740     5852     21740    16411 
# T:    9.31323         0        0      21740     5767     21740    16518 
# T:    11.6415         0        0      21740     5865     21740    16464 
# T:    14.5519         0        0      21740     5838     21740    16552 
# T:    18.1899         0        0      21740     5814     21740    16477 
# T:    22.7374         0        0      21740     5931     21740    16413 
# T:    28.4217         0        0      21740     5867     21740    16477 
# T:    35.5271         0        0      21740     5866     21740    16594 
# T:    44.4089         0        0      21740     5862     21740    16550 
# T:    55.5112         0        0      21740     5953     21740    16583 
# T:    69.3889         0        0      21740     6120     21740    16882 
# T:    86.7362         0        0      21740     6569     21740    17099 
# T:     108.42         0        0      21740     7248     21740    17558 
# T:    135.525         0        0      21740     7892     21740    17885 
# T:    169.407         0        0      21740     8751     21740    18218 
# T:    211.758         0        0      21740     9685     21740    18563 
# T:    264.698         0        0      21740    10649     21740    18629 
# T:    330.872         0        0      21740    11361     21740    18947 
# T:     413.59         0        0      21740    12064     21740    19014 
# T:    516.988         0        0      21740    12576     21740    19011 
# T:    646.235         0        0      21740    12813     21740    19179 
# T:    807.794         0        0      21740    13011     21740    18982 
# T:    1009.74         0        0      21740    12977     21740    18904 
# T:    1262.18         0        0      21740    12939     21740    18748 
# T:    1577.72         0        0      21740    12711     21740    18749 
# T:    1972.15         0        0      21740    12457     21740    18471 
# T:    2465.19         0        0      21740    12111     21740    18419 
# T:    3081.49         0        0      21740    11875     21740    18325 
# T:    3851.86         0        0      21740    11523     21740    18230 
# T:    4814.82         0        0      21740    11105     21740    17904 
# T:    6018.53         0        0      21740    10690     21740    17939 
# T:    7523.16         0        0      21740    10418     21740    17749 
# T:    9403.95         0        0      21740    10004     21740    17661 
# T:    11754.9         0        0      21740     9631     21740    17715 
# T:    14693.7         0        0      21740     9455     21740    17546 
# T:    18367.1         0        0      21740     8939     21740    17433 
# T:    22958.9         0        0      21740     8704 
