# T:          1         0        0      38462    10810     38462    17424 
# T:        1.5         0        0      38462    10721     38462    19490 
# T:       2.25         0        0      38462    10703     38462    21515 
# T:      3.375         0        0      38462    10773     38462    23258 
# T:     5.0625         0        0      38462    10752     38462    23946 
# T:    7.59375         0        0      38462    10672     38462    24260 
# T:    11.3906         0        0      38462    10638     38462    24429 
# T:    17.0859         0        0      38462    10525     38462    24453 
# T:    25.6289         0        0      38462    10804     38462    24208 
# T:    38.4434         0        0      38462    10907     38462    24626 
# T:     57.665         0        0      38462    11055     38462    24992 
# T:    86.4976         0        0      38462    12391     38462    26453 
# T:    129.746         0        0      38462    14648     38462    27943 
# T:     194.62         0        0      38462    17517     38462    29798 
# T:    291.929         0        0      38462    20473     38462    30769 
# T:    437.894         0        0      38462    22565     38462    31171 
# T:    656.841         0        0      38462    23974     38462    31088 
# T:    985.261         0        0      38462    24115     38462    30775 
# T:    1477.89         0        0      38462    23707     38462    30180 
# T:    2216.84         0        0      38462    22405     38462    29579 
# T:    3325.26         0        0      38462    21351     38462    28886 
# T:    4987.89         0        0      38462    20167     38462    28269 
# T:    7481.83         0        0      38462    18856     38462    27679 
# T:    11222.7         0        0      38462    17792     38462    27163 
# T:    16834.1         0        0      38462    16936     38462    26904 
# T:    25251.2         0        0      38462    15769 
