#  nT     T_hot    cold_rate  n_pi_eval  gen    n_try    n_acc    tvd_ndim   tvd_orth   tvd_refl   tvd_1d1   tvd_1dall     dmusq      ksd       edfs       sq_avg_q    sq_avg_p      T 
    6 32768.0000          1     6000     1000     1000      287   0.9892578     0.9215     0.9215  0.6313334  0.2912222    4.466737  0.4934041 0.02545247   0.011236         -1        1  
    6 32768.0000          1    12000     2000     2000      561   0.9846191   0.914875   0.914875  0.5453333  0.2485278    4.450822  0.4884041  0.7218292   0.000225         -1        1  
    6 32768.0000          1    24000     4000     4000     1131   0.9799805        0.9        0.9  0.4433333  0.1951667    3.719668  0.3831259  0.5157039    8.1e-05         -1        1  
    6 32768.0000          1    48000     8000     8000     2218   0.9756641   0.886625   0.886625  0.4279166  0.1840833    3.655695  0.4142103   0.664742 0.0009765625         -1        1  
    6 32768.0000          1    96000    16000    16000     4411   0.9701211  0.8878125  0.8878125  0.4541181  0.1876702    4.012638  0.4530853  0.7541691 0.001173063         -1        1  
    6 32768.0000          1   192000    32000    32000     8914   0.9512207    0.81325    0.81325  0.3116493  0.1436458    2.553374  0.3023666  0.5347395 3.753906e-06         -1        1  
    6 32768.0000          1   384000    64000    64000    17741   0.9341758  0.7719687  0.7719687  0.1217569 0.09837061     1.10025 0.06183086  0.1796624  5.625e-07         -1        1  
    6 32768.0000          1   768000   128000   128000    35558   0.9158281  0.7466953  0.7466953 0.07932024  0.1599765    1.000877 0.04756733  0.1741008 8.212891e-07         -1        1  
    6 32768.0000          1  1000002   166667   166667    46336   0.8984271  0.7006962  0.7006962 0.08232488   0.144873    1.301761 0.06038074  0.2141001 4.852496e-05         -1        1  
