#  nT     T_hot    cold_rate  n_pi_eval  gen    n_try    n_acc    tvd_ndim   tvd_orth   tvd_refl   tvd_1d1   tvd_1dall     dmusq      ksd       edfs       sq_avg_q    sq_avg_p      T 
    1    1.0000          1     1000     1000     1000        0      0.9375       0.75       0.75  0.9972222  0.9944445   0.3717362  0.8178485          0          1         -1        1  
    1    1.0000          1     2000     2000     2000        0      0.9375       0.75       0.75  0.9972222  0.9944445   0.3717362  0.8178485          0          1         -1        1  
    1    1.0000          1     4000     4000     4000        0      0.9375       0.75       0.75  0.9972222  0.9944445   0.3717362  0.8178485          0          1         -1        1  
    1    1.0000          1     8000     8000     8000        0      0.9375       0.75       0.75  0.9972222  0.9944445   0.3717362  0.8178485          0          1         -1        1  
    1    1.0000          1    16000    16000    16000        0      0.9375       0.75       0.75  0.9972222  0.9944445   0.3717362  0.8178485          0          1         -1        1  
    1    1.0000          1    32000    32000    32000        0      0.9375       0.75       0.75  0.9972222  0.9944445   0.3717362  0.8178485          0          1         -1        1  
    1    1.0000          1    64000    64000    64000        0      0.9375       0.75       0.75  0.9972222  0.9944445   0.3717362  0.8178485          0          1         -1        1  
    1    1.0000          1   128000   128000   128000        0      0.9375       0.75       0.75  0.9972222  0.9944445   0.3717362  0.8178485          0          1         -1        1  
    1    1.0000          1   256000   256000   256000        0      0.9375       0.75       0.75  0.9972222  0.9944445   0.3717362  0.8178485          0          1         -1        1  
    1    1.0000          1   512000   512000   512000        2   0.8182305  0.6172148  0.6172148  0.9916667  0.9833333   0.1765456  0.6850633  0.2648926   0.719051         -1        1  
    1    1.0000          1  1000000  1000000  1000000        9    0.706263   0.336483   0.336483   0.973714   0.948714   0.0346106  0.2833672  0.1949926  0.2890933         -1        1  
