# T:          1         0        0      62500    17099     62500    21900 
# T:          2         0        0      62500    16719     62500    21317 
# T:          4         0        0      62500    16754     62500    21736 
# T:          8         0        0      62500    16767     62500    21470 
# T:         16         0        0      62500    16621     62500    21587 
# T:         32         0        0      62500    16710     62500    22014 
# T:         64         0        0      62500    16645     62500    22217 
# T:        128         0        0      62500    17490     62500    24352 
# T:        256         0        0      62500    20816     62500    28159 
# T:        512         0        0      62500    23917     62500    28835 
# T:       1024         0        0      62500    24894     62500    27631 
# T:       2048         0        0      62500    23799     62500    26123 
# T:       4096         0        0      62500    22004     62500    24690 
# T:       8192         0        0      62500    20735     62500    23934 
# T:      16384         0        0      62500    19410     62500    22954 
# T:      32768         0        0      62500    18972 
