#  nT     T_hot    cold_rate  n_pi_eval  gen    n_try    n_acc    tvd_ndim   tvd_orth   tvd_refl   tvd_1d1   tvd_1dall     dmusq      ksd       edfs       sq_avg_q    sq_avg_p      T 
    4 4096.0000          1     4000     1000     1000      356       0.209      0.174      0.071  0.4733333  0.3326667   0.0432341  0.1837253  0.1735076     0.0001         -1        1  
    4 4096.0000          1     8000     2000     2000      718      0.1535     0.1535      0.054  0.3302778  0.2361668  0.02583703 0.06554472 0.05790119     0.0025         -1        1  
    4 4096.0000          1    16000     4000     4000     1440       0.114      0.114     0.0295  0.2531943  0.1827084  0.01290538 0.03593139 0.01382795      1e-06         -1        1  
    4 4096.0000          1    32000     8000     8000     2892      0.0675    0.06275   0.012125  0.1756389  0.1208959  0.004510178 0.03054404 0.02641802 0.0005880625         -1        1  
    4 4096.0000          1    64000    16000    16000     5843       0.064     0.0585  0.0024375  0.1229166 0.08484378  0.004454521 0.03907036 0.03371588 8.265625e-06         -1        1  
    4 4096.0000          1   128000    32000    32000    11585  0.04096875 0.04096875 0.003187496 0.09011794 0.06580037  0.001727053 0.01174213 0.007413175 2.437891e-05         -1        1  
    4 4096.0000          1   256000    64000    64000    23283  0.02223437  0.0159375 0.007171871 0.06475172 0.04582546  0.0003434032 0.01710844   0.016207 2.25625e-05         -1        1  
    4 4096.0000          1   512000   128000   128000    46210  0.01285156 0.01072656 0.005734371 0.04465118 0.03355787  0.0001182571 0.01171369 0.01025475 3.847876e-05         -1        1  
    4 4096.0000          1  1000000   250000   250000    89858    0.015352   0.015192 0.003803996   0.033524 0.02446778  0.0002541277 0.01571979 0.01524374 7.011904e-06         -1        1  
