# T:          1         0        0      62500    22370     62500    41645 
# T:          2         0        0      62500    22405     62500    41503 
# T:          4         0        0      62500    22340     62500    41675 
# T:          8         0        0      62500    22126     62500    41565 
# T:         16         0        0      62500    22258     62500    41465 
# T:         32         0        0      62500    22133     62500    41852 
# T:         64         0        0      62500    22346     62500    41875 
# T:        128         0        0      62500    24556     62500    43342 
# T:        256         0        0      62500    29442     62500    45296 
# T:        512         0        0      62500    32489     62500    46539 
# T:       1024         0        0      62500    32116     62500    46032 
# T:       2048         0        0      62500    29941     62500    45142 
# T:       4096         0        0      62500    27939     62500    43891 
# T:       8192         0        0      62500    26437     62500    43573 
# T:      16384         0        0      62500    24975     62500    42721 
# T:      32768         0        0      62500    24320 
