# T:          1         0        0      31250    13942     31250    28100 
# T:    1.38294         0        0      31250    13892     31250    28111 
# T:    1.91253         0        0      31250    13863     31250    27984 
# T:    2.64492         0        0      31250    13902     31250    28100 
# T:    3.65778         0        0      31250    13878     31250    28143 
# T:     5.0585         0        0      31250    14028     31250    28119 
# T:    6.99562         0        0      31250    13852     31250    27958 
# T:    9.67454         0        0      31250    13779     31250    27904 
# T:    13.3793         0        0      31250    14044     31250    27854 
# T:    18.5029         0        0      31250    13817     31250    28026 
# T:    25.5884         0        0      31250    13993     31250    28077 
# T:    35.3873         0        0      31250    14050     31250    27998 
# T:    48.9387         0        0      31250    13968     31250    28053 
# T:    67.6794         0        0      31250    14196     31250    28033 
# T:    93.5968         0        0      31250    14914     31250    28098 
# T:    129.439         0        0      31250    15719     31250    28128 
# T:    179.007         0        0      31250    16964     31250    28365 
# T:    247.556         0        0      31250    17974     31250    28561 
# T:    342.356         0        0      31250    18698     31250    28626 
# T:    473.459         0        0      31250    19059     31250    28821 
# T:    654.767         0        0      31250    18850     31250    28874 
# T:    905.506         0        0      31250    18486     31250    28904 
# T:    1252.26         0        0      31250    18245     31250    28849 
# T:    1731.81         0        0      31250    17829     31250    28749 
# T:    2394.99         0        0      31250    17239     31250    28750 
# T:    3312.14         0        0      31250    16740     31250    28636 
# T:     4580.5         0        0      31250    16300     31250    28529 
# T:    6334.58         0        0      31250    15830     31250    28451 
# T:    8760.36         0        0      31250    15480     31250    28393 
# T:    12115.1         0        0      31250    15370     31250    28278 
# T:    16754.5         0        0      31250    15088     31250    28212 
# T:    23170.5         0        0      31250    14908 
