#  nT     T_hot    cold_rate  n_pi_eval  gen    n_try    n_acc    tvd_ndim   tvd_orth   tvd_refl   tvd_1d1   tvd_1dall     dmusq      ksd       edfs       sq_avg_q    sq_avg_p      T 
    2 23170.4750          1     2000     1000     1000      282    0.997757  0.9960938   0.533625  0.6423334  0.2413056    2.000355   0.503154 0.02242513     0.0025         -1        1  
    2 23170.4750          1     4000     2000     2000      566   0.9967499  0.9960938  0.3847188       0.56  0.1862014    2.001989  0.5021485 0.02318742   0.000784         -1        1  
    2 23170.4750          1     8000     4000     4000     1074   0.9962769  0.9960938  0.3074375  0.5269722  0.1595348    2.001868  0.5007216  0.0225841   0.005476         -1        1  
    2 23170.4750          1    16000     8000     8000     2122   0.9960938  0.9960938   0.199875  0.5133195  0.1360694    2.001281  0.5006095  0.0237216 2.25625e-05         -1        1  
    2 23170.4750          1    32000    16000    16000     4225   0.9960938  0.9960938  0.1433438  0.5032847  0.1268298    2.002252  0.5000273 0.03000457      1e-06         -1        1  
    2 23170.4750          1    64000    32000    32000     8614   0.9960938  0.9960938  0.1002813  0.5001528  0.1250113     2.00266  0.5000273 0.03026131 0.0001485352         -1        1  
    2 23170.4750          1   128000    64000    64000    17229   0.9960938  0.9960938 0.07115625        0.5      0.125    2.002202  0.5000273 0.03036517 0.0002795166         -1        1  
    2 23170.4750          1   256000   128000   128000    34549   0.9960938  0.9960938 0.05126563        0.5      0.125    2.001439  0.5000273 0.03027382 3.525391e-05         -1        1  
    2 23170.4750          1   512000   256000   256000    68653   0.9960938  0.9960938 0.03335547        0.5      0.125    2.000375  0.5000067 0.03272469 1.983032e-07         -1        1  
    2 23170.4750          1  1000000   500000   500000   133989   0.9960938  0.9960938 0.02445325        0.5      0.125    1.999929  0.5000067 0.03279803 4.032064e-06         -1        1  
