#  nT     T_hot    cold_rate  n_pi_eval  gen    n_try    n_acc    tvd_ndim   tvd_orth   tvd_refl   tvd_1d1   tvd_1dall     dmusq      ksd       edfs       sq_avg_q    sq_avg_p      T 
    6 32768.0000          1     6000     1000     1000      320      0.5425      0.498 0.06799999  0.5839999  0.2863332   0.2272501  0.4706557  0.4314519     0.0064         -1        1  
    6 32768.0000          1    12000     2000     2000      614    0.466375      0.462     0.0545  0.4872778  0.2581111   0.1527353   0.390155  0.3824173   0.000576         -1        1  
    6 32768.0000          1    24000     4000     4000     1222     0.27825    0.25325 0.03125001  0.3270277  0.1720555  0.05210059   0.222655  0.2171869 0.00021025         -1        1  
    6 32768.0000          1    48000     8000     8000     2553    0.181125   0.162875 0.03200001  0.2025415  0.1147082  0.02426563 0.09746109 0.09419587   0.001936         -1        1  
    6 32768.0000          1    96000    16000    16000     5080    0.133375   0.129375  0.0178125  0.1359513 0.08159728  0.007172523 0.04833609 0.04637381 6.00625e-05         -1        1  
    6 32768.0000          1   192000    32000    32000    10200   0.1042813  0.1012187 0.009312497  0.1000834 0.05547918  0.006221716 0.03990541 0.03946474 7.766016e-05         -1        1  
    6 32768.0000          1   384000    64000    64000    20341    0.056875 0.04982812 0.007390634 0.06626042 0.03697222  0.002260261 0.03178943  0.0314295 3.90625e-09         -1        1  
    6 32768.0000          1   768000   128000   128000    40855  0.05492188 0.05436719 0.006828128 0.06199987 0.02766147  0.002741208 0.05199204 0.05167226 7.385254e-07         -1        1  
    6 32768.0000          1  1000002   166667   166667    53100   0.0576101 0.05727514 0.003542987 0.06006795 0.02416418  0.003375599 0.05385698 0.05360613 4.92802e-07         -1        1  
