# T:          1         0        0      90910    24369     90910    12783 
# T:          3         0        0      90910    24345     90910    12668 
# T:          9         0        0      90910    24374     90910    13330 
# T:         27         0        0      90910    24346     90910    12588 
# T:         81         0        0      90910    24611     90910    15027 
# T:        243         0        0      90910    29785     90910    21789 
# T:        729         0        0      90910    36104     90910    21025 
# T:       2187         0        0      90910    34466     90910    17694 
# T:       6561         0        0      90910    30724     90910    15623 
# T:      19683         0        0      90910    28446     90910    14025 
# T:      59049         0        0      90910    26704 
