# T:          1         0        0      62500    27776     62500    49094 
# T:          2         0        0      62500    27886     62500    48847 
# T:          4         0        0      62500    27778     62500    49037 
# T:          8         0        0      62500    27718     62500    49049 
# T:         16         0        0      62500    27910     62500    48838 
# T:         32         0        0      62500    28005     62500    49083 
# T:         64         0        0      62500    28427     62500    48875 
# T:        128         0        0      62500    31318     62500    49877 
# T:        256         0        0      62500    36061     62500    51512 
# T:        512         0        0      62500    37742     62500    52219 
# T:       1024         0        0      62500    36851     62500    52235 
# T:       2048         0        0      62500    34951     62500    51591 
# T:       4096         0        0      62500    32951     62500    51061 
# T:       8192         0        0      62500    31511     62500    50337 
# T:      16384         0        0      62500    30251     62500    49868 
# T:      32768         0        0      62500    29649 
