# T:          1         0        0     312500    83870    312500   151276 
# T:     1.2687         0        0     312500    84005    312500   182518 
# T:     1.6096         0        0     312500    84296    312500   193552 
# T:     2.0421         0        0     312500    83918    312500   200367 
# T:    2.59081         0        0     312500    83875    312500   205997 
# T:    3.28695         0        0     312500    83693    312500   213483 
# T:    4.17016         0        0     312500    83687    312500   219150 
# T:    5.29067         0        0     312500    83909    312500   223891 
# T:    6.71227         0        0     312500    84089    312500   227414 
# T:    8.51586         0        0     312500    83451    312500   229239 
# T:    10.8041         0        0     312500    84473    312500   230736 
# T:    13.7071         0        0     312500    85786    312500   233434 
# T:    17.3902         0        0     312500    89383    312500   237167 
# T:    22.0629         0        0     312500    95882    312500   242427 
# T:    27.9912         0        0     312500   104828    312500   248220 
# T:    35.5125         0        0     312500   116378    312500   254462 
# T:    45.0546         0        0     312500   130061    312500   260335 
# T:    57.1608         0        0     312500   144264    312500   264889 
# T:    72.5198         0        0     312500   157247    312500   268354 
# T:    92.0059         0        0     312500   168736    312500   270496 
# T:    116.728         0        0     312500   177874    312500   271246 
# T:    148.092         0        0     312500   183270    312500   271519 
# T:    187.885         0        0     312500   187850    312500   270212 
# T:    238.369         0        0     312500   188088    312500   269061 
# T:    302.419         0        0     312500   186708    312500   267298 
# T:    383.679         0        0     312500   183470    312500   265358 
# T:    486.773         0        0     312500   179616    312500   263469 
# T:    617.569         0        0     312500   174411    312500   261487 
# T:    783.509         0        0     312500   169036    312500   259151 
# T:    994.037         0        0     312500   162757    312500   257298 
# T:    1261.13         0        0     312500   157527    312500   255202 
# T:       1600         0        0     312500   152402 
