#  nT     T_hot    cold_rate  n_pi_eval  gen    n_try    n_acc    tvd_ndim   tvd_orth   tvd_refl   tvd_1d1   tvd_1dall     dmusq      ksd       edfs       sq_avg_q    sq_avg_p      T 
   32 1600.0000          1    32000     1000     1000      284   0.9939728  0.6965312  0.6965312  0.5185555   0.221625    1.335402  0.2722259  0.3179894     0.0016         -1        1  
   32 1600.0000          1    64000     2000     2000      544   0.9885254   0.658625   0.658625  0.4122778  0.1608542    1.191296  0.2712086  0.3206197     0.0001         -1        1  
   32 1600.0000          1   128000     4000     4000     1053   0.9783173  0.6035937  0.6035937  0.2948333  0.1152848   0.8563177  0.1935477  0.2680181   0.000169         -1        1  
   32 1600.0000          1   256000     8000     8000     2161   0.9613037  0.5589062  0.5589062  0.2104861  0.0842014   0.7738187  0.1326134  0.2448047    3.6e-05         -1        1  
   32 1600.0000          1   512000    16000    16000     4329   0.9378815  0.5486875  0.5486875  0.1698889 0.08339919   0.6342752  0.1221516   0.226616   0.000225         -1        1  
   32 1600.0000          1  1024000    32000    32000     8642   0.8979797  0.4963437  0.4963437   0.115434 0.08018966    0.521419 0.07384259 0.08835664 3.90625e-05         -1        1  
   32 1600.0000          1  2048000    64000    64000    17144   0.8432312  0.4687656  0.4687656  0.1129792 0.08535395   0.5741162 0.09852728  0.1313805 4.726562e-05         -1        1  
   32 1600.0000          1  4096000   128000   128000    34492   0.8170608  0.4640156  0.4640156   0.136441 0.08130371   0.5155218 0.06052608  0.1272412 8.965723e-05         -1        1  
   32 1600.0000          1  8192000   256000   256000    68832   0.7596714  0.4383477  0.4383477  0.1397452  0.0816792    0.525309  0.1088274  0.1389384 5.267584e-05         -1        1  
   32 1600.0000          1 10000000   312500   312500    83870   0.7346018  0.4182648  0.4182648  0.1388407   0.083412   0.5109489  0.1063386  0.1524013 2.415919e-05         -1        1  
