#  nT     T_hot    cold_rate  n_pi_eval  gen    n_try    n_acc    tvd_ndim   tvd_orth   tvd_refl   tvd_1d1   tvd_1dall     dmusq      ksd       edfs       sq_avg_q    sq_avg_p      T 
    1    1.0000          1     1000     1000     1000        0        0.75        0.5        0.5  0.9972222  0.9972222   0.1745023  0.5610304          0          1         -1        1  
    1    1.0000          1     2000     2000     2000        0        0.75        0.5        0.5  0.9972222  0.9972222   0.1745023  0.5610304          0          1         -1        1  
    1    1.0000          1     4000     4000     4000        1       0.623        0.5        0.5  0.9944445  0.9944445   0.1765901  0.5610304 0.00356611   0.556516         -1        1  
    1    1.0000          1     8000     8000     8000        6       0.442      0.442      0.442  0.9805556  0.9805556  0.09622533  0.5030304  0.5136326 0.04829006         -1        1  
    1    1.0000          1    16000    16000    16000       13   0.2810625  0.2810625  0.2810625  0.9690695  0.9690695  0.002723687  0.3420929   0.106689   0.047089         -1        1  
    1    1.0000          1    32000    32000    32000       28   0.1450938      0.117      0.117  0.9286806  0.9286806  0.01537518  0.1853381  0.1604173 0.09711014         -1        1  
    1    1.0000          1    64000    64000    64000       80  0.01751563 0.000750003 0.000750003  0.8179445  0.8179445  0.01872421 0.08236788  0.1361554 0.0005048447         -1        1  
    1    1.0000          1   128000   128000   128000      161  0.03970312 0.02621875 0.02621875  0.7056884  0.7056884  0.004851138 0.08153718 0.08331856 0.002090204         -1        1  
    1    1.0000          1   256000   256000   256000      313  0.05916797 0.05916797 0.05916797   0.583079   0.583079  0.005197293 0.07555868 0.07151455 0.005489884         -1        1  
    1    1.0000          1   512000   512000   512000      594   0.0248164  0.0248164  0.0248164  0.4522775  0.4522775  0.0001457083 0.05857379 0.02326702 0.003979343         -1        1  
    1    1.0000          1  1000000  1000000  1000000     1177    0.049387   0.049387   0.049387  0.3488661  0.3488661  0.0008130085 0.05954846 0.02988471 0.003768487         -1        1  
