#  nT     T_hot    cold_rate  n_pi_eval  gen    n_try    n_acc    tvd_ndim   tvd_orth   tvd_refl   tvd_1d1   tvd_1dall     dmusq      ksd       edfs       sq_avg_q    sq_avg_p      T 
    4 23170.4750          1     4000     1000     1000      309   0.9804687      0.875      0.875  0.8386667  0.5590278    2.171651  0.5002636 0.03673964   0.000144         -1        1  
    4 23170.4750          1     8000     2000     2000      622      0.9325     0.7485     0.7485     0.7135  0.4528611    1.390476   0.333624   0.567707   0.001444         -1        1  
    4 23170.4750          1    16000     4000     4000     1198   0.9286875    0.70625    0.70625  0.6659444  0.3750833     1.53585  0.3336126  0.2869143 0.00648025         -1        1  
    4 23170.4750          1    32000     8000     8000     2374   0.8832187   0.652625   0.652625  0.4917917  0.3025486    1.153661  0.2548746  0.6306677 0.001701563         -1        1  
    4 23170.4750          1    64000    16000    16000     4791   0.8482812    0.54425    0.54425  0.3430555  0.2515173    1.095052  0.1974511  0.5547504   0.001369         -1        1  
    4 23170.4750          1   128000    32000    32000     9634   0.7389062  0.5299687  0.5299687  0.2149687  0.1334792     1.06782  0.1160183   0.294829 0.0007155625         -1        1  
    4 23170.4750          1   256000    64000    64000    19208   0.6137031  0.2879063  0.2879063  0.1592014 0.09968278   0.4528516 0.09293045  0.2865221 0.0003128477         -1        1  
    4 23170.4750          1   512000   128000   128000    38502   0.5034609  0.2330703  0.2330703  0.1025304 0.06004538    0.146028 0.04507211  0.1399025 1.612524e-05         -1        1  
    4 23170.4750          1  1000000   250000   250000    74806   0.3813295   0.203264   0.203264 0.06703865 0.03657191  0.04130945 0.02188664 0.07634804 1.236544e-06         -1        1  
