#  nT     T_hot    cold_rate  n_pi_eval  gen    n_try    n_acc    tvd_ndim   tvd_orth   tvd_refl   tvd_1d1   tvd_1dall     dmusq      ksd       edfs       sq_avg_q    sq_avg_p      T 
    6 32768.0000          1     6000     1000     1000      261   0.9748535   0.953125    0.28675  0.6025556  0.2787223   0.7235232  0.3159538  0.3083025   0.005184         -1        1  
    6 32768.0000          1    12000     2000     2000      519   0.9584961   0.952125       0.21  0.4513889   0.202139   0.1799447  0.2388542  0.2334621   0.004225         -1        1  
    6 32768.0000          1    24000     4000     4000     1062    0.934082      0.906   0.161375  0.3105834    0.14725   0.2021683 0.04064149 0.02854973   0.000144         -1        1  
    6 32768.0000          1    48000     8000     8000     2148    0.889709      0.864   0.108875  0.2108473 0.09059724   0.1324519 0.02623131 0.001297824 0.00013225         -1        1  
    6 32768.0000          1    96000    16000    16000     4400   0.8325449   0.800625  0.0910625  0.2445903 0.07718407   0.1520803  0.2204968  0.2196048 0.0001470156         -1        1  
    6 32768.0000          1   192000    32000    32000     8861   0.6897598   0.633625 0.05259375  0.1098958 0.04425176  0.05182033 0.04635523 0.04555763 4.641016e-05         -1        1  
    6 32768.0000          1   384000    64000    64000    17699   0.5794414  0.5286563 0.03689062 0.08880901 0.04529516  0.03498629 0.06274161 0.06266225 2.25625e-05         -1        1  
    6 32768.0000          1   768000   128000   128000    35610   0.4097891  0.3676797 0.02460937  0.0665443 0.03041277  0.01194873 0.04902318 0.04910826 3.008057e-06         -1        1  
    6 32768.0000          1  1000002   166667   166667    46454   0.3559162  0.3180605 0.01895593 0.05110554 0.02049111  0.01317216 0.02877979 0.02843728 5.447534e-06         -1        1  
