#  nT     T_hot    cold_rate  n_pi_eval  gen    n_try    n_acc    tvd_ndim   tvd_orth   tvd_refl   tvd_1d1   tvd_1dall     dmusq      ksd       edfs       sq_avg_q    sq_avg_p      T 
    4 23170.4750          1     4000     1000     1000      273   0.9976654  0.9960938  0.5317187  0.6683333  0.2372083    1.995249  0.5107418 0.01546571   0.000196         -1        1  
    4 23170.4750          1     8000     2000     2000      559   0.9968262  0.9960938  0.3732187      0.585  0.1779167    1.996963  0.5061497 0.01887222    8.1e-05         -1        1  
    4 23170.4750          1    16000     4000     4000     1094     0.99617  0.9958438  0.2722187  0.5320833  0.1534445    1.997222  0.4997505   0.318766   0.001296         -1        1  
    4 23170.4750          1    32000     8000     8000     2150   0.9960785  0.9959688  0.1940937  0.5071111  0.1335434    1.996112  0.4998755  0.3191697   0.000441         -1        1  
    4 23170.4750          1    64000    16000    16000     4252   0.9960785  0.9960313  0.1477187  0.5009236  0.1262517    1.998896   0.499938  0.3194924 0.0003562656         -1        1  
    4 23170.4750          1   128000    32000    32000     8396   0.9960785  0.9960625  0.1001875  0.4999965  0.1252036    1.999207  0.4999692  0.3201085 2.081641e-05         -1        1  
    4 23170.4750          1   256000    64000    64000    17107   0.9960785  0.9960781 0.06396875  0.4999844  0.1249961     1.99978  0.4999924  0.3200601 4.515625e-06         -1        1  
    4 23170.4750          1   512000   128000   128000    34182   0.9960781  0.9960781 0.04985156  0.4999844  0.1249961    1.999572  0.4999946  0.4123351 4.922852e-06         -1        1  
    4 23170.4750          1  1000000   250000   250000    67007   0.9960537  0.9960538   0.034635   0.499964   0.124996     1.99938  0.4999773  0.4925928 3.354726e-05         -1        1  
