# T:          1         0        0      62500    22141     62500    31699 
# T:          2         0        0      62500    22324     62500    37585 
# T:          4         0        0      62500    22072     62500    40412 
# T:          8         0        0      62500    22290     62500    41252 
# T:         16         0        0      62500    22344     62500    41409 
# T:         32         0        0      62500    22423     62500    41743 
# T:         64         0        0      62500    24642     62500    43166 
# T:        128         0        0      62500    32142     62500    47757 
# T:        256         0        0      62500    40638     62500    51261 
# T:        512         0        0      62500    45157     62500    52758 
# T:       1024         0        0      62500    45309     62500    52200 
# T:       2048         0        0      62500    43096     62500    50743 
# T:       4096         0        0      62500    39663     62500    49173 
# T:       8192         0        0      62500    36239     62500    47393 
# T:      16384         0        0      62500    32243     62500    46056 
# T:      32768         0        0      62500    29771 
