# T:          1         0        0      38462    10233     38462    15079 
# T:        1.5         0        0      38462    10253     38462    17990 
# T:       2.25         0        0      38462    10272     38462    19642 
# T:      3.375         0        0      38462    10361     38462    20641 
# T:     5.0625         0        0      38462    10241     38462    21855 
# T:    7.59375         0        0      38462    10277     38462    21913 
# T:    11.3906         0        0      38462    10172     38462    21922 
# T:    17.0859         0        0      38462    10318     38462    22292 
# T:    25.6289         0        0      38462    10241     38462    22195 
# T:    38.4434         0        0      38462    10329     38462    22487 
# T:     57.665         0        0      38462    10510     38462    23003 
# T:    86.4976         0        0      38462    11708     38462    24620 
# T:    129.746         0        0      38462    13735     38462    26476 
# T:     194.62         0        0      38462    16778     38462    28436 
# T:    291.929         0        0      38462    19586     38462    29334 
# T:    437.894         0        0      38462    21526     38462    29894 
# T:    656.841         0        0      38462    22910     38462    29722 
# T:    985.261         0        0      38462    23218     38462    29351 
# T:    1477.89         0        0      38462    22660     38462    28578 
# T:    2216.84         0        0      38462    21644     38462    27823 
# T:    3325.26         0        0      38462    20785     38462    27002 
# T:    4987.89         0        0      38462    19507     38462    26384 
# T:    7481.83         0        0      38462    18104     38462    25983 
# T:    11222.7         0        0      38462    17154     38462    25412 
# T:    16834.1         0        0      38462    16187     38462    24882 
# T:    25251.2         0        0      38462    15291 
