# T:          1         0        0      31250     9590     31250    25016 
# T:    1.30776         0        0      31250     9515     31250    25091 
# T:    1.71023         0        0      31250     9425     31250    24976 
# T:    2.23657         0        0      31250     9551     31250    25123 
# T:     2.9249         0        0      31250     9390     31250    25141 
# T:    3.82506         0        0      31250     9431     31250    24956 
# T:    5.00226         0        0      31250     9562     31250    25013 
# T:    6.54175         0        0      31250     9628     31250    25067 
# T:    8.55504         0        0      31250     9673     31250    25035 
# T:    11.1879         0        0      31250     9692     31250    25184 
# T:    14.6311         0        0      31250    10195     31250    25505 
# T:     19.134         0        0      31250    10920     31250    25713 
# T:    25.0226         0        0      31250    11735     31250    25894 
# T:    32.7236         0        0      31250    12618     31250    26219 
# T:    42.7945         0        0      31250    13280     31250    26296 
# T:    55.9649         0        0      31250    13642     31250    26435 
# T:    73.1887         0        0      31250    14099     31250    26406 
# T:    95.7131         0        0      31250    14143     31250    26410 
# T:     125.17         0        0      31250    14054     31250    26300 
# T:    163.692         0        0      31250    13772     31250    26211 
# T:     214.07         0        0      31250    13477     31250    25920 
# T:    279.951         0        0      31250    13072     31250    25929 
# T:    366.109         0        0      31250    12586     31250    25752 
# T:    478.782         0        0      31250    12419     31250    25656 
# T:    626.132         0        0      31250    11925     31250    25603 
# T:     818.83         0        0      31250    11681     31250    25510 
# T:    1070.83         0        0      31250    11354     31250    25454 
# T:    1400.39         0        0      31250    11164     31250    25468 
# T:    1831.37         0        0      31250    10974     31250    25403 
# T:    2394.99         0        0      31250    10644     31250    25411 
# T:    3132.08         0        0      31250    10540     31250    25269 
# T:       4096         0        0      31250    10413 
