# T:          1         0        0      62500    27622     62500    41168 
# T:    1.95432         0        0      62500    27867     62500    45300 
# T:    3.81937         0        0      62500    27920     62500    47674 
# T:    7.46426         0        0      62500    28072     62500    48890 
# T:    14.5876         0        0      62500    27737     62500    49244 
# T:    28.5088         0        0      62500    28027     62500    49360 
# T:    55.7152         0        0      62500    31147     62500    50025 
# T:    108.885         0        0      62500    37811     62500    52037 
# T:    212.797         0        0      62500    45118     62500    54741 
# T:    415.873         0        0      62500    48793     62500    56522 
# T:    812.749         0        0      62500    49246     62500    56808 
# T:    1588.37         0        0      62500    47977     62500    56327 
# T:    3104.19         0        0      62500    45402     62500    55392 
# T:    6066.58         0        0      62500    42128     62500    54299 
# T:      11856         0        0      62500    38688     62500    53082 
# T:    23170.5         0        0      62500    35876 
