# /home/tomfy/mcmc_toy/src/mcmc_toy; 8; 1; 0.0; 1.0; 1.0; 1000000; 1; 1; 1; gaussian; 0.4075; 0.420728534805996; 0; 4; 360; 163359; mcmc; 1; 
# n_dimensions: 8 
# n_peaks: 1 
# peak 0; position,sigma,weight:  0.00000  1.00000  1.00000 
# target mean, variance:                0                1 
# burn-in, mcmc steps: 0 1000000 
# n temperatures: 1 
#  T, rate, Proposal(shape,W1,W2,p1):   1.00000  1.00000      gaussian  0.40750  0.42073  0.00000 
#  n_bins: 4 n_bins_1d: 360 
# seed: 163359  chain_type: mcmc neighbor_swap_only: 1 
    1000  0.3305045 0.09808617  0.1843163  0.4715691  0.3850433  0.1406187 
    2000  0.1596373 0.07083057  0.1356572  0.3497125  0.2771356 0.09976243 
    4000 0.08603784 0.05313748  0.1085815  0.2538366  0.1979114 0.07058951 
    8000 0.04141776 0.03426233 0.07034297  0.1807863  0.1405506 0.04958203 
   16000 0.01948557 0.02535767 0.04877013  0.1287116 0.09984458 0.03504581 
   32000 0.01048497 0.01743658 0.03436131 0.09123094 0.07038083 0.02478983 
   64000 0.005376076 0.01260409 0.02568242 0.06435734 0.05008337 0.01767412 
  128000 0.002672237 0.008856669 0.01818334 0.04552984 0.03516276 0.01246014 
  256000 0.001300225 0.006408951 0.01324956 0.03236707 0.02476054 0.008787259 
  512000 0.0006560502 0.00432961 0.008874711 0.02298799 0.01760828 0.006206944 
 1000000 0.0003211647 0.003036263 0.006077015 0.01628445 0.01265709 0.004433478 

# /home/tomfy/mcmc_toy/src/mcmc_toy; 8; 1; 0.0; 1.0; 1.0; 1000000; 1; 1; 1; gaussian; 0.4075; 0.50033336707596; 0; 4; 360; 818074; mcmc; 1; 
# n_dimensions: 8 
# n_peaks: 1 
# peak 0; position,sigma,weight:  0.00000  1.00000  1.00000 
# target mean, variance:                0                1 
# burn-in, mcmc steps: 0 1000000 
# n temperatures: 1 
#  T, rate, Proposal(shape,W1,W2,p1):   1.00000  1.00000      gaussian  0.40750  0.50033  0.00000 
#  n_bins: 4 n_bins_1d: 360 
# seed: 818074  chain_type: mcmc neighbor_swap_only: 1 
    1000  0.2872107 0.09526708  0.1794962  0.4645391  0.4116178  0.1508974 
    2000  0.1420739 0.06778948  0.1255687  0.3399238  0.2960328  0.1069188 
    4000 0.07040918 0.04631512 0.08882908    0.24417  0.2114078 0.07644427 
    8000 0.03221332 0.03369904 0.06528922  0.1732534  0.1507858 0.05380542 
   16000 0.01546422 0.02359153 0.04410779  0.1232203  0.1065744 0.03785503 
   32000 0.008515755 0.01584366 0.03117609  0.0873075 0.07532014 0.02703204 
   64000 0.004219887 0.01101638 0.02083457 0.06172453 0.05360033 0.01904125 
  128000 0.002097156 0.007369793 0.01427754 0.04363695 0.03750478 0.01345348 
  256000 0.00107261 0.005536645 0.01078497 0.03086824 0.02667738 0.00948118 
  512000 0.0005531452 0.004120983 0.008023058  0.0220066 0.01892373 0.006714953 
 1000000 0.0002854829 0.00301988 0.005903238 0.01573247 0.01362803 0.004808005 

# /home/tomfy/mcmc_toy/src/mcmc_toy; 8; 1; 0.0; 1.0; 1.0; 1000000; 1; 1; 1; gaussian; 0.4075; 0.595; 0; 4; 360; 796771; mcmc; 1; 
# n_dimensions: 8 
# n_peaks: 1 
# peak 0; position,sigma,weight:  0.00000  1.00000  1.00000 
# target mean, variance:                0                1 
# burn-in, mcmc steps: 0 1000000 
# n temperatures: 1 
#  T, rate, Proposal(shape,W1,W2,p1):   1.00000  1.00000      gaussian  0.40750  0.59500  0.00000 
#  n_bins: 4 n_bins_1d: 360 
# seed: 796771  chain_type: mcmc neighbor_swap_only: 1 
    1000  0.2302038 0.08965496  0.1629634  0.4646791  0.4502678  0.1657915 
    2000  0.1163269 0.06209971  0.1107508  0.3374209  0.3250639  0.1170253 
    4000 0.06311623 0.04678152 0.08710383  0.2442369  0.2324856 0.08300594 
    8000 0.03349555 0.03579639  0.0691449  0.1743378  0.1669343 0.05896379 
   16000 0.01575559 0.02346294 0.04397584  0.1229691  0.1183898 0.04170639 
   32000 0.007442113 0.01656749 0.03146563 0.08704094 0.08320351 0.02941597 
   64000 0.003696944 0.01121475 0.02134037 0.06136953 0.05878339 0.02089627 
  128000 0.002002287 0.00881972  0.0164102 0.04376281 0.04139266  0.0147571 
  256000 0.0009516489 0.005650024 0.01077169 0.03090047 0.02924042 0.01044669 
  512000 0.0004841038 0.004116285 0.007685544 0.02184643  0.0208054 0.007413414 
 1000000 0.0002414618 0.003077566 0.005632368 0.01559692 0.01490323 0.005291119 

# /home/tomfy/mcmc_toy/src/mcmc_toy; 8; 1; 0.0; 1.0; 1.0; 1000000; 1; 1; 1; gaussian; 0.4075; 0.707578233426619; 0; 4; 360; 550189; mcmc; 1; 
# n_dimensions: 8 
# n_peaks: 1 
# peak 0; position,sigma,weight:  0.00000  1.00000  1.00000 
# target mean, variance:                0                1 
# burn-in, mcmc steps: 0 1000000 
# n temperatures: 1 
#  T, rate, Proposal(shape,W1,W2,p1):   1.00000  1.00000      gaussian  0.40750  0.70758  0.00000 
#  n_bins: 4 n_bins_1d: 360 
# seed: 550189  chain_type: mcmc neighbor_swap_only: 1 
    1000  0.2164733 0.09653444  0.1733909   0.489335  0.5008744  0.1878937 
    2000   0.110141 0.06282866  0.1074274  0.3586269  0.3679128  0.1331375 
    4000 0.05119868 0.04441988 0.07639234  0.2539425  0.2636172 0.09451628 
    8000 0.02723192 0.03176803 0.05631006  0.1809734  0.1876807 0.06662764 
   16000 0.01336939 0.02118543  0.0362699  0.1286081  0.1322761 0.04749325 
   32000  0.0066841 0.01655203 0.02940053 0.09131281  0.0938533 0.03355346 
   64000 0.00336771 0.01128214 0.02024869 0.06493031 0.06682359 0.02363056 
  128000 0.001737907 0.007657502 0.01369383 0.04582117 0.04716244 0.01673137 
  256000 0.0008856265 0.005992844 0.01081028 0.03225508 0.03343546 0.01180087 
  512000 0.0004289541 0.004419546 0.008403849 0.02271307 0.02366392 0.008355249 
 1000000 0.000216775 0.002955819 0.005578078 0.01633805  0.0168638 0.006002829 

# /home/tomfy/mcmc_toy/src/mcmc_toy; 8; 1; 0.0; 1.0; 1.0; 1000000; 1; 1; 1; gaussian; 0.4075; 0.841457069611991; 0; 4; 360; 496718; mcmc; 1; 
# n_dimensions: 8 
# n_peaks: 1 
# peak 0; position,sigma,weight:  0.00000  1.00000  1.00000 
# target mean, variance:                0                1 
# burn-in, mcmc steps: 0 1000000 
# n temperatures: 1 
#  T, rate, Proposal(shape,W1,W2,p1):   1.00000  1.00000      gaussian  0.40750  0.84146  0.00000 
#  n_bins: 4 n_bins_1d: 360 
# seed: 496718  chain_type: mcmc neighbor_swap_only: 1 
    1000   0.203624 0.09335894  0.1505124  0.5288491  0.5639733  0.2195115 
    2000  0.1000196 0.06553035  0.1102782  0.3910712    0.42299  0.1560426 
    4000 0.04900141 0.04806249 0.08328751  0.2792272   0.304655    0.11081 
    8000 0.02607246 0.03272814 0.05589665  0.1996275  0.2169189 0.07808759 
   16000 0.01317899 0.02486732 0.04250823  0.1416622  0.1547929 0.05548325 
   32000 0.006474137 0.01627948 0.02720609 0.09968219  0.1089856  0.0390478 
   64000 0.003220478 0.01337921 0.02225584 0.07113531 0.07831118  0.0276261 
  128000 0.001566761 0.009001346 0.01491791 0.05032836 0.05545152 0.01953159 
  256000 0.0008159022 0.006082535 0.01037383 0.03563801  0.0390392 0.01378576 
  512000 0.0004041366 0.004393834 0.007554472 0.02529084  0.0277681 0.009666623 
 1000000 0.0002078021 0.00313218 0.005211064 0.01813595 0.01976568 0.006957078 

# /home/tomfy/mcmc_toy/src/mcmc_toy; 8; 1; 0.0; 1.0; 1.0; 1000000; 1; 1; 1; gaussian; 0.4075; 1.00066673415192; 0; 4; 360; 542781; mcmc; 1; 
# n_dimensions: 8 
# n_peaks: 1 
# peak 0; position,sigma,weight:  0.00000  1.00000  1.00000 
# target mean, variance:                0                1 
# burn-in, mcmc steps: 0 1000000 
# n temperatures: 1 
#  T, rate, Proposal(shape,W1,W2,p1):   1.00000  1.00000      gaussian  0.40750  1.00067  0.00000 
#  n_bins: 4 n_bins_1d: 360 
# seed: 542781  chain_type: mcmc neighbor_swap_only: 1 
    1000  0.2266444  0.1083521  0.1692629  0.5928962  0.6425411  0.2635258 
    2000  0.1085969 0.07742473  0.1207467  0.4488366  0.4936383  0.1887387 
    4000 0.05149266 0.05452677  0.0842458  0.3262312  0.3621847  0.1340943 
    8000  0.0264072 0.03917007 0.06073728  0.2326463  0.2625694  0.0954642 
   16000 0.01383276 0.02639362 0.04171259  0.1660281  0.1878244 0.06756706 
   32000 0.006541651 0.01925749 0.02953487  0.1174841  0.1333326 0.04743224 
   64000 0.003578323 0.01321576 0.02120073 0.08349563 0.09485863 0.03373943 
  128000 0.001931165 0.009979579 0.01588915 0.05879961 0.06689065 0.02398649 
  256000 0.0008754827 0.007126976 0.01173782 0.04162418  0.0473438 0.01679644 
  512000 0.0004565937 0.004971864 0.008197815 0.02964725  0.0334538 0.01193734 
 1000000 0.0002275008 0.003735962 0.006183004 0.02120408 0.02394771 0.00857824 

# /home/tomfy/mcmc_toy/src/mcmc_toy; 8; 1; 0.0; 1.0; 1.0; 1000000; 1; 1; 1; gaussian; 0.4075; 1.19; 0; 4; 360; 356842; mcmc; 1; 
# n_dimensions: 8 
# n_peaks: 1 
# peak 0; position,sigma,weight:  0.00000  1.00000  1.00000 
# target mean, variance:                0                1 
# burn-in, mcmc steps: 0 1000000 
# n temperatures: 1 
#  T, rate, Proposal(shape,W1,W2,p1):   1.00000  1.00000      gaussian  0.40750  1.19000  0.00000 
#  n_bins: 4 n_bins_1d: 360 
# seed: 356842  chain_type: mcmc neighbor_swap_only: 1 
    1000  0.2178248  0.1198013  0.1820632  0.6688228  0.7278456  0.3249803 
    2000  0.1223313 0.08621427  0.1286544  0.5263328    0.58794   0.235997 
    4000 0.06489363 0.06374516 0.09616061  0.3953447  0.4493372  0.1702751 
    8000 0.03231223  0.0458359  0.0674533  0.2875834  0.3295554  0.1205665 
   16000 0.01506682 0.03185258 0.04647786  0.2057753  0.2368162 0.08531657 
   32000 0.007933654 0.02201011 0.03255691  0.1455747   0.170242  0.0606459 
   64000 0.003816106 0.01591648 0.02450874  0.1037272  0.1207418 0.04293931 
  128000 0.001863246 0.01166539 0.01805621 0.07347352 0.08531752 0.03046206 
  256000 0.0009453462 0.008387677 0.01274317 0.05220805 0.06051835  0.0216093 
  512000 0.0005006012 0.005756833  0.0088886 0.03680742 0.04267739 0.01526359 
 1000000 0.0002601246 0.004386444 0.006700851 0.02640228 0.03060552 0.01089001 

# /home/tomfy/mcmc_toy/src/mcmc_toy; 8; 1; 0.0; 1.0; 1.0; 1000000; 1; 1; 1; gaussian; 0.4075; 1.41515646685324; 0; 4; 360; 549806; mcmc; 1; 
# n_dimensions: 8 
# n_peaks: 1 
# peak 0; position,sigma,weight:  0.00000  1.00000  1.00000 
# target mean, variance:                0                1 
# burn-in, mcmc steps: 0 1000000 
# n temperatures: 1 
#  T, rate, Proposal(shape,W1,W2,p1):   1.00000  1.00000      gaussian  0.40750  1.41516  0.00000 
#  n_bins: 4 n_bins_1d: 360 
# seed: 549806  chain_type: mcmc neighbor_swap_only: 1 
    1000  0.3451102  0.1602197  0.2315056  0.7710278  0.8183544  0.4256885 
    2000  0.1763592  0.1108268  0.1578121  0.6409909   0.702135  0.3156067 
    4000 0.08012156 0.08043332  0.1161534  0.4987356  0.5609994  0.2264417 
    8000  0.0434431 0.05844823 0.08097627  0.3729025  0.4256264  0.1617568 
   16000 0.02139986 0.04166712 0.05951353  0.2702266  0.3115072  0.1156838 
   32000 0.01101312 0.02967561 0.04257395  0.1943203  0.2249161 0.08141094 
   64000 0.005353411 0.02007049 0.02860966  0.1390008  0.1632686 0.05771162 
  128000 0.002562325 0.01378766 0.01958444 0.09870664  0.1148274 0.04111716 
  256000 0.001168633 0.01001925  0.0139892 0.06957316 0.08227205 0.02908642 
  512000 0.0006038728 0.007471136 0.01012255 0.04967553 0.05823373 0.02054745 
 1000000 0.0003275428 0.005302531 0.00719315 0.03562296 0.04199393 0.01465815 

# /home/tomfy/mcmc_toy/src/mcmc_toy; 8; 1; 0.0; 1.0; 1.0; 1000000; 1; 1; 1; gaussian; 0.4075; 1.68291413922398; 0; 4; 360; 569726; mcmc; 1; 
# n_dimensions: 8 
# n_peaks: 1 
# peak 0; position,sigma,weight:  0.00000  1.00000  1.00000 
# target mean, variance:                0                1 
# burn-in, mcmc steps: 0 1000000 
# n temperatures: 1 
#  T, rate, Proposal(shape,W1,W2,p1):   1.00000  1.00000      gaussian  0.40750  1.68291  0.00000 
#  n_bins: 4 n_bins_1d: 360 
# seed: 569726  chain_type: mcmc neighbor_swap_only: 1 
    1000  0.5281325  0.2096428  0.2830049  0.8492578  0.8846867  0.5388579 
    2000  0.2776536   0.151074  0.2140221  0.7431959   0.796145  0.4066124 
    4000  0.1344908  0.1130162  0.1610781  0.6192937  0.6810539  0.3082141 
    8000 0.07071616 0.08703317  0.1235326  0.4809931   0.546415  0.2246203 
   16000   0.034024 0.06093282 0.08767185  0.3645191  0.4203771  0.1632285 
   32000  0.0176744 0.04070859 0.05593784  0.2677425  0.3113929  0.1164778 
   64000 0.008523223 0.02917486 0.04062175  0.1947728  0.2281926 0.08362854 
  128000 0.00404181   0.021024 0.02826984  0.1408721  0.1642702  0.0595378 
  256000 0.001964129 0.01522964 0.01996103 0.09984777  0.1173601 0.04234645 
  512000 0.0009980393  0.0105365 0.01404268  0.0714785 0.08406933 0.02995448 
 1000000 0.0005599097 0.007546316 0.01031706 0.05139504 0.05980705 0.02143206 

# /home/tomfy/mcmc_toy/src/mcmc_toy; 8; 1; 0.0; 1.0; 1.0; 1000000; 1; 1; 1; gaussian; 0.4075; 2.00133346830384; 0; 4; 360; 756298; mcmc; 1; 
# n_dimensions: 8 
# n_peaks: 1 
# peak 0; position,sigma,weight:  0.00000  1.00000  1.00000 
# target mean, variance:                0                1 
# burn-in, mcmc steps: 0 1000000 
# n temperatures: 1 
#  T, rate, Proposal(shape,W1,W2,p1):   1.00000  1.00000      gaussian  0.40750  2.00133  0.00000 
#  n_bins: 4 n_bins_1d: 360 
# seed: 756298  chain_type: mcmc neighbor_swap_only: 1 
    1000   1.020929   0.297226  0.3711097  0.9190397  0.9407822  0.6935183 
    2000  0.5467342  0.2158617  0.2840254  0.8565866  0.8920094  0.5678144 
    4000  0.2884994   0.164481  0.2223104  0.7602444  0.8115503  0.4430742 
    8000  0.1284415   0.115042  0.1613688  0.6387784  0.6998996  0.3336847 
   16000  0.0693635 0.08973866  0.1213645   0.509675  0.5721398  0.2486912 
   32000 0.03106958 0.06109554  0.0780508  0.3902591  0.4458084  0.1816513 
   64000 0.01686376 0.04431271 0.05951572  0.2887911    0.33391  0.1293081 
  128000 0.008484186  0.0305451 0.04022855  0.2124085  0.2454816 0.09213983 
  256000 0.004504257 0.02124964 0.02730101  0.1539796   0.178461 0.06525619 
  512000 0.002250142 0.01539998 0.02007127  0.1102984  0.1288221 0.04634603 
 1000000 0.001050711 0.01100029  0.0141493 0.07892967 0.09255676 0.03312906 

