#  nT     T_hot    cold_rate  n_pi_eval  gen    n_try    n_acc    tvd_ndim   tvd_orth   tvd_refl   tvd_1d1   tvd_1dall     dmusq      ksd       edfs       sq_avg_q    sq_avg_p      T 
    1    1.0000          1     1000     1000     1000       12   0.9998016  0.9492187  0.9492187  0.9638889  0.7991389    1.835983  0.3021366     0.3409   0.008464         -1        1  
    1    1.0000          1     2000     2000     2000       32   0.9994965  0.8812187   0.884125  0.9103889  0.6119584    1.141379  0.1822442  0.2036538   0.005329         -1        1  
    1    1.0000          1     4000     4000     4000       79   0.9987793   0.758375   0.786375  0.8103611  0.4357326   0.1775735   0.225254  0.2775013 0.04347225         -1        1  
    1    1.0000          1     8000     8000     8000      175   0.9973297  0.6317188  0.6474375  0.6843333  0.3069653  0.08229622  0.1495493  0.2375204 0.01829256         -1        1  
    1    1.0000          1    16000    16000    16000      396    0.993988  0.4877187     0.4915  0.5514583  0.2130261   0.0797572   0.112648  0.2363135 0.003766891         -1        1  
    1    1.0000          1    32000    32000    32000      749    0.988678   0.375375  0.3693437  0.4323368  0.1624045  0.05213293 0.02667924 0.03144067 0.0001063477         -1        1  
    1    1.0000          1    64000    64000    64000     1498    0.977478  0.2871406   0.288625  0.3182552  0.1150842  0.03167652 0.03736139 0.06056029 0.0001633604         -1        1  
    1    1.0000          1   128000   128000   128000     2930   0.9571436  0.2048516  0.2029062   0.229066 0.08373624   0.0114508 0.02112314   0.019631 0.0001373291         -1        1  
    1    1.0000          1   256000   256000   256000     5974   0.9176127   0.145418  0.1356445  0.1667504 0.06158952  0.004880649 0.01604423 0.01815925 0.0005857913         -1        1  
    1    1.0000          1   512000   512000   512000    11500   0.8569473  0.1141094  0.1053242   0.131344 0.04769664  0.00167453 0.01127382 0.01535748 0.0002735406         -1        1  
    1    1.0000          1  1000000  1000000  1000000    22164   0.7653656 0.08425125     0.0754 0.08891387 0.03488953  0.0003802496 0.006237235 0.007030202 0.0008519393         -1        1  
