#  nT     T_hot    cold_rate  n_pi_eval  gen    n_try    n_acc    tvd_ndim   tvd_orth   tvd_refl   tvd_1d1   tvd_1dall     dmusq      ksd       edfs       sq_avg_q    sq_avg_p      T 
    4 4096.0000          1     4000     1000     1000      321    0.553125      0.531      0.092  0.5383334  0.3444445   0.1773724  0.1095884 0.08813801     0.0049         -1        1  
    4 4096.0000          1     8000     2000     2000      642    0.406125     0.3895      0.045  0.3898889  0.2786668   0.1623974  0.1509432  0.1361187   0.001849         -1        1  
    4 4096.0000          1    16000     4000     4000     1258    0.317375    0.28975    0.05525  0.2731666  0.1770555  0.08269481 0.06411621 0.05103911    2.5e-07         -1        1  
    4 4096.0000          1    32000     8000     8000     2553    0.225125    0.21425    0.03075  0.1989166  0.1160695  0.02113462 0.04261935 0.03874283 0.001463062         -1        1  
    4 4096.0000          1    64000    16000    16000     5170   0.1853125   0.181375   0.026375  0.1663542 0.08119455  0.02031647  0.1102819  0.1065788 0.0001237656         -1        1  
    4 4096.0000          1   128000    32000    32000    10282   0.1685625  0.1613438 0.02121875  0.1009063 0.06620831  0.01961204 0.04107524 0.03957362    6.4e-05         -1        1  
    4 4096.0000          1   256000    64000    64000    20610   0.1030156 0.09739062     0.0115 0.06830382 0.04769449  0.008034472  0.0178361 0.01729456 1.063477e-06         -1        1  
    4 4096.0000          1   512000   128000   128000    41144   0.0560625 0.04794531 0.01224219 0.05202171  0.0297291  0.002656192 0.02480472 0.02465103 5.211035e-05         -1        1  
    4 4096.0000          1  1000000   250000   250000    80783     0.04371   0.040272 0.009004004 0.04752569 0.02027816  0.001752088 0.03516562 0.03483749 2.670822e-05         -1        1  
