# T:          1         0        0      62500    17348     62500    14431 
# T:          2         0        0      62500    17501     62500    22075 
# T:          4         0        0      62500    17419     62500    24469 
# T:          8         0        0      62500    17387     62500    25586 
# T:         16         0        0      62500    17449     62500    26009 
# T:         32         0        0      62500    17437     62500    26531 
# T:         64         0        0      62500    18195     62500    29397 
# T:        128         0        0      62500    23571     62500    36236 
# T:        256         0        0      62500    31894     62500    41554 
# T:        512         0        0      62500    37948     62500    42804 
# T:       1024         0        0      62500    39017     62500    41181 
# T:       2048         0        0      62500    36982     62500    38337 
# T:       4096         0        0      62500    33849     62500    35621 
# T:       8192         0        0      62500    30429     62500    33887 
# T:      16384         0        0      62500    27385     62500    31765 
# T:      32768         0        0      62500    24859 
