# T:          1         0        0      21740     6040     21740    14744 
# T:       1.25         0        0      21740     6191     21740    15307 
# T:     1.5625         0        0      21740     6141     21740    15663 
# T:    1.95312         0        0      21740     6084     21740    16111 
# T:    2.44141         0        0      21740     6105     21740    16505 
# T:    3.05176         0        0      21740     6078     21740    16625 
# T:     3.8147         0        0      21740     6050     21740    16876 
# T:    4.76837         0        0      21740     6078     21740    16886 
# T:    5.96046         0        0      21740     6068     21740    16975 
# T:    7.45058         0        0      21740     6051     21740    17112 
# T:    9.31323         0        0      21740     6101     21740    17226 
# T:    11.6415         0        0      21740     6031     21740    17279 
# T:    14.5519         0        0      21740     6145     21740    17310 
# T:    18.1899         0        0      21740     6040     21740    17261 
# T:    22.7374         0        0      21740     6004     21740    17175 
# T:    28.4217         0        0      21740     6019     21740    17301 
# T:    35.5271         0        0      21740     6007     21740    17239 
# T:    44.4089         0        0      21740     6184     21740    17319 
# T:    55.5112         0        0      21740     6270     21740    17385 
# T:    69.3889         0        0      21740     6488     21740    17523 
# T:    86.7362         0        0      21740     6891     21740    17795 
# T:     108.42         0        0      21740     7602     21740    18090 
# T:    135.525         0        0      21740     8290     21740    18374 
# T:    169.407         0        0      21740     9507     21740    18714 
# T:    211.758         0        0      21740    10316     21740    18997 
# T:    264.698         0        0      21740    11140     21740    19330 
# T:    330.872         0        0      21740    11973     21740    19398 
# T:     413.59         0        0      21740    12655     21740    19442 
# T:    516.988         0        0      21740    13189     21740    19501 
# T:    646.235         0        0      21740    13544     21740    19513 
# T:    807.794         0        0      21740    13636     21740    19395 
# T:    1009.74         0        0      21740    13560     21740    19377 
# T:    1262.18         0        0      21740    13540     21740    19302 
# T:    1577.72         0        0      21740    13405     21740    19153 
# T:    1972.15         0        0      21740    12944     21740    19024 
# T:    2465.19         0        0      21740    12668     21740    19001 
# T:    3081.49         0        0      21740    12258     21740    18889 
# T:    3851.86         0        0      21740    11774     21740    18718 
# T:    4814.82         0        0      21740    11463     21740    18623 
# T:    6018.53         0        0      21740    11011     21740    18521 
# T:    7523.16         0        0      21740    10672     21740    18360 
# T:    9403.95         0        0      21740    10430     21740    18285 
# T:    11754.9         0        0      21740    10053     21740    18218 
# T:    14693.7         0        0      21740     9683     21740    18161 
# T:    18367.1         0        0      21740     9346     21740    17941 
# T:    22958.9         0        0      21740     9163 
