# /home/tomfy/mcmc_toy/src/mcmc_toy; 5; 1; 0.0; 1.0; 1.0; 1000000; 1; 1; 1; gaussian; 0.5995; 0.53218417864495; 0; 4; 360; 497226; mcmc; 1; 
# n_dimensions: 5 
# n_peaks: 1 
# peak 0; position,sigma,weight:  0.00000  1.00000  1.00000 
# target mean, variance:                0                1 
# burn-in, mcmc steps: 0 1000000 
# n temperatures: 1 
#  T, rate, Proposal(shape,W1,W2,p1):   1.00000  1.00000      gaussian  0.59950  0.53218  0.00000 
#  n_bins: 4 n_bins_1d: 360 
# seed: 497226  chain_type: mcmc neighbor_swap_only: 1 
    1000  0.1132778 0.07930998  0.1484905   0.187225  0.3766289  0.1726062 
    2000 0.06402524 0.05584939   0.106348  0.1357575  0.2715928  0.1224206 
    4000 0.03228758 0.03968415 0.07595437    0.09641  0.1926386 0.08654111 
    8000 0.01568891 0.02761533 0.05308889    0.06844  0.1362974 0.06110117 
   16000 0.007713031 0.01941794 0.03727067 0.04722813 0.09658416 0.04316614 
   32000 0.003989319 0.01423476 0.02665274   0.033785 0.06826941 0.03054287 
   64000 0.002143912 0.009979175  0.0190012 0.02447266 0.04840908  0.0216608 
  128000 0.001002116 0.006855009 0.01323873 0.01684648 0.03428025 0.01537858 
  256000 0.0005002287 0.005273513 0.01028128  0.0120459  0.0242589 0.01086309 
  512000 0.0002687309 0.003709906 0.00731474 0.00839793 0.01707929 0.007627519 
 1000000 0.000124906 0.002467105 0.004788707 0.00598436 0.01221156 0.005477335 

# /home/tomfy/mcmc_toy/src/mcmc_toy; 5; 1; 0.0; 1.0; 1.0; 1000000; 1; 1; 1; gaussian; 0.5995; 0.632877211736454; 0; 4; 360; 866555; mcmc; 1; 
# n_dimensions: 5 
# n_peaks: 1 
# peak 0; position,sigma,weight:  0.00000  1.00000  1.00000 
# target mean, variance:                0                1 
# burn-in, mcmc steps: 0 1000000 
# n temperatures: 1 
#  T, rate, Proposal(shape,W1,W2,p1):   1.00000  1.00000      gaussian  0.59950  0.63288  0.00000 
#  n_bins: 4 n_bins_1d: 360 
# seed: 866555  chain_type: mcmc neighbor_swap_only: 1 
    1000  0.1066102 0.08014905   0.142596  0.1834875  0.4003244  0.1840158 
    2000 0.05938693 0.05643338  0.1035827  0.1325575  0.2903567  0.1317481 
    4000  0.0283083 0.03795347 0.06922035   0.093015   0.205295 0.09304328 
    8000 0.01504614 0.02883314 0.05523482  0.0670525  0.1456858 0.06549953 
   16000 0.007742702   0.021195 0.04055323 0.04715375  0.1034603 0.04639676 
   32000 0.00359636 0.01449069 0.02730592 0.03286406 0.07335056  0.0328791 
   64000 0.001694732 0.009413414 0.01787725 0.02329344 0.05205036 0.02321182 
  128000 0.0008629754 0.006918921  0.0128564 0.01623133 0.03711583 0.01644851 
  256000 0.000398395 0.004764347 0.00908293 0.01135598 0.02604492 0.01158338 
  512000 0.0002029793  0.0035408 0.006853375 0.008152969 0.01846697 0.008227957 
 1000000 9.954181e-05 0.002501946 0.004762188  0.0057491 0.01318973 0.00593464 

# /home/tomfy/mcmc_toy/src/mcmc_toy; 5; 1; 0.0; 1.0; 1.0; 1000000; 1; 1; 1; gaussian; 0.5995; 0.752622083120074; 0; 4; 360; 700479; mcmc; 1; 
# n_dimensions: 5 
# n_peaks: 1 
# peak 0; position,sigma,weight:  0.00000  1.00000  1.00000 
# target mean, variance:                0                1 
# burn-in, mcmc steps: 0 1000000 
# n temperatures: 1 
#  T, rate, Proposal(shape,W1,W2,p1):   1.00000  1.00000      gaussian  0.59950  0.75262  0.00000 
#  n_bins: 4 n_bins_1d: 360 
# seed: 700479  chain_type: mcmc neighbor_swap_only: 1 
    1000  0.1050703 0.07698313  0.1369786    0.18213  0.4376667  0.2033029 
    2000 0.04972198 0.05480111 0.09934204  0.1289075  0.3166189  0.1444447 
    4000 0.02710822 0.04160464  0.0743956  0.0932375  0.2262567  0.1021496 
    8000 0.01237513 0.02804305 0.05063415  0.0649325  0.1605761 0.07223492 
   16000 0.005755401 0.01881396 0.03379626 0.04605875  0.1135794 0.05130642 
   32000 0.002552863  0.0124256 0.02254228 0.03154219 0.08023403 0.03623765 
   64000 0.001370141 0.009339385  0.0162948 0.02257891 0.05729434 0.02576436 
  128000 0.0007101893 0.006861004 0.01217867 0.01568844 0.04044917 0.01810419 
  256000 0.0003467868 0.004796688 0.008513404 0.01111098 0.02850581 0.01279435 
  512000 0.0001669555 0.003336976 0.00600578 0.007777363 0.02013731 0.009006424 
 1000000 8.748491e-05  0.0023692 0.004138917 0.00563414  0.0144718 0.006473175 

# /home/tomfy/mcmc_toy/src/mcmc_toy; 5; 1; 0.0; 1.0; 1.0; 1000000; 1; 1; 1; gaussian; 0.5995; 0.895023536154562; 0; 4; 360; 347678; mcmc; 1; 
# n_dimensions: 5 
# n_peaks: 1 
# peak 0; position,sigma,weight:  0.00000  1.00000  1.00000 
# target mean, variance:                0                1 
# burn-in, mcmc steps: 0 1000000 
# n temperatures: 1 
#  T, rate, Proposal(shape,W1,W2,p1):   1.00000  1.00000      gaussian  0.59950  0.89502  0.00000 
#  n_bins: 4 n_bins_1d: 360 
# seed: 347678  chain_type: mcmc neighbor_swap_only: 1 
    1000 0.08638656 0.07751006  0.1270259  0.1852175  0.4849567  0.2287538 
    2000 0.04421543 0.05058564  0.0845605    0.13006  0.3527433  0.1636052 
    4000 0.02078981 0.03573928 0.05992639  0.0916425  0.2526781  0.1149884 
    8000 0.01122291 0.02547916 0.04289819 0.06615375  0.1802386 0.08154019 
   16000 0.005480788 0.01842267 0.03157621 0.04692875  0.1280946 0.05776417 
   32000 0.002810951 0.01395618 0.02408183 0.03237594  0.0914142  0.0408326 
   64000 0.00146446 0.01045832 0.01812652 0.02342609 0.06486597 0.02877868 
  128000 0.0007014936 0.007180701 0.01194186 0.01658539 0.04593794 0.02035553 
  256000 0.0003253434 0.004886158 0.008295477 0.01155992 0.03233736 0.01438533 
  512000 0.0001569902 0.003316457 0.00566728 0.008241699 0.02289164 0.01023256 
 1000000 8.453467e-05 0.002428842   0.004158 0.00578534 0.01629294 0.007280993 

# /home/tomfy/mcmc_toy/src/mcmc_toy; 5; 1; 0.0; 1.0; 1.0; 1000000; 1; 1; 1; gaussian; 0.5995; 1.0643683572899; 0; 4; 360; 407426; mcmc; 1; 
# n_dimensions: 5 
# n_peaks: 1 
# peak 0; position,sigma,weight:  0.00000  1.00000  1.00000 
# target mean, variance:                0                1 
# burn-in, mcmc steps: 0 1000000 
# n temperatures: 1 
#  T, rate, Proposal(shape,W1,W2,p1):   1.00000  1.00000      gaussian  0.59950  1.06437  0.00000 
#  n_bins: 4 n_bins_1d: 360 
# seed: 407426  chain_type: mcmc neighbor_swap_only: 1 
    1000 0.08073868 0.07900563  0.1246225  0.1954825  0.5432967  0.2600162 
    2000 0.04051731  0.0567949 0.08606685  0.1401675  0.4035611  0.1869375 
    4000  0.0189269 0.04095044 0.06429426  0.0986225  0.2916467  0.1335478 
    8000 0.01055579 0.02899415 0.04565836 0.07043125  0.2084954 0.09495047 
   16000 0.005659332 0.02042634 0.03137044 0.05123187  0.1477127 0.06686187 
   32000 0.002829595 0.01495628 0.02398618 0.03624375  0.1050221  0.0474924 
   64000 0.001484962  0.0111649 0.01832126 0.02571562 0.07418089 0.03343302 
  128000 0.000652151 0.007764148 0.01253356 0.01793148 0.05248449 0.02350868 
  256000 0.0003111074 0.005018418 0.00813862  0.0123516  0.0370486 0.01667885 
  512000 0.0001418886 0.003243859 0.00523479 0.008570781 0.02624981 0.01185325 
 1000000 8.222509e-05 0.002669755 0.004223341 0.00622005 0.01885686 0.008482154 

# /home/tomfy/mcmc_toy/src/mcmc_toy; 5; 1; 0.0; 1.0; 1.0; 1000000; 1; 1; 1; gaussian; 0.5995; 1.26575442347291; 0; 4; 360; 40747; mcmc; 1; 
# n_dimensions: 5 
# n_peaks: 1 
# peak 0; position,sigma,weight:  0.00000  1.00000  1.00000 
# target mean, variance:                0                1 
# burn-in, mcmc steps: 0 1000000 
# n temperatures: 1 
#  T, rate, Proposal(shape,W1,W2,p1):   1.00000  1.00000      gaussian  0.59950  1.26575  0.00000 
#  n_bins: 4 n_bins_1d: 360 
# seed: 40747  chain_type: mcmc neighbor_swap_only: 1 
    1000 0.07454065 0.08659481  0.1269835  0.2250675  0.6159633  0.3119556 
    2000 0.03950702 0.06414849  0.1001995  0.1593025  0.4699617  0.2239819 
    4000 0.02041769 0.04782354 0.07335171  0.1105575  0.3439792  0.1593597 
    8000 0.01064538 0.03335036 0.05088586 0.07975875  0.2460003  0.1117941 
   16000 0.005177302 0.02277659 0.03375185 0.05610313  0.1756962 0.07966124 
   32000 0.002585345 0.01621119 0.02460645 0.04000656  0.1250366 0.05650468 
   64000 0.00132018 0.01148121 0.01760487 0.02786719 0.08905743 0.04014316 
  128000 0.0005824257 0.00788589 0.01184441       0.02 0.06288839 0.02824118 
  256000 0.0003007574 0.005762634 0.008574922 0.01460305 0.04446857 0.01990293 
  512000 0.0001552854 0.003968179 0.006049959 0.01019139 0.03126824 0.01407701 
 1000000 8.485254e-05 0.002873507 0.004444981 0.00709394 0.02253965  0.0101167 

# /home/tomfy/mcmc_toy/src/mcmc_toy; 5; 1; 0.0; 1.0; 1.0; 1000000; 1; 1; 1; gaussian; 0.5995; 1.50524416624015; 0; 4; 360; 656283; mcmc; 1; 
# n_dimensions: 5 
# n_peaks: 1 
# peak 0; position,sigma,weight:  0.00000  1.00000  1.00000 
# target mean, variance:                0                1 
# burn-in, mcmc steps: 0 1000000 
# n temperatures: 1 
#  T, rate, Proposal(shape,W1,W2,p1):   1.00000  1.00000      gaussian  0.59950  1.50524  0.00000 
#  n_bins: 4 n_bins_1d: 360 
# seed: 656283  chain_type: mcmc neighbor_swap_only: 1 
    1000 0.09886545  0.1106629  0.1550843  0.2652275  0.6950311  0.3784473 
    2000 0.04852329 0.07803249  0.1124287   0.190405  0.5545578  0.2750018 
    4000 0.02390097  0.0529525 0.07867636   0.135345  0.4185203  0.1960948 
    8000 0.01200621 0.03790256 0.05512886  0.0967525  0.3059969  0.1403963 
   16000 0.00566285 0.02612517 0.03752514 0.06793188  0.2194065 0.09917451 
   32000 0.003135796 0.01910761 0.02765976 0.04863625  0.1567372 0.07034854 
   64000 0.001724701 0.01447422 0.02075669 0.03482484  0.1104907 0.04922739 
  128000 0.0008136136 0.01035915   0.014616 0.02475742 0.07859931  0.0351136 
  256000 0.0004109979 0.007217609 0.01049959  0.0173834 0.05567168 0.02491429 
  512000 0.0002163622 0.005166618 0.007671658 0.01242744 0.03956961 0.01753849 
 1000000 0.0001147146 0.003806394 0.005538837 0.00859377 0.02818729 0.01258124 

# /home/tomfy/mcmc_toy/src/mcmc_toy; 5; 1; 0.0; 1.0; 1.0; 1000000; 1; 1; 1; gaussian; 0.5995; 1.79004707230912; 0; 4; 360; 561160; mcmc; 1; 
# n_dimensions: 5 
# n_peaks: 1 
# peak 0; position,sigma,weight:  0.00000  1.00000  1.00000 
# target mean, variance:                0                1 
# burn-in, mcmc steps: 0 1000000 
# n temperatures: 1 
#  T, rate, Proposal(shape,W1,W2,p1):   1.00000  1.00000      gaussian  0.59950  1.79005  0.00000 
#  n_bins: 4 n_bins_1d: 360 
# seed: 561160  chain_type: mcmc neighbor_swap_only: 1 
    1000  0.1321289  0.1308472  0.1860272    0.32836  0.7743033  0.4584536 
    2000  0.0662104  0.0976111  0.1357035      0.238  0.6467572  0.3414938 
    4000  0.0367521 0.07002009 0.09667162   0.171415  0.5055111  0.2490885 
    8000 0.01909005 0.04889397 0.06851803  0.1231525  0.3813199  0.1795139 
   16000 0.009703609 0.03713363  0.0501567 0.08821813  0.2776096  0.1273098 
   32000 0.004597589 0.02500707 0.03409508 0.06274344  0.1989441  0.0896674 
   64000 0.002184539  0.0181813 0.02551762 0.04428281  0.1419546 0.06375556 
  128000 0.001020895 0.01227221 0.01708009 0.03080086  0.1006066 0.04505103 
  256000 0.0004804204 0.00843032 0.01158066 0.02193422 0.07093263 0.03212262 
  512000 0.0002179749 0.005881076 0.007999728 0.01540377 0.05029342 0.02265521 
 1000000 0.0001256349 0.004370852 0.006060291 0.01099599 0.03600776 0.01602339 

# /home/tomfy/mcmc_toy/src/mcmc_toy; 5; 1; 0.0; 1.0; 1.0; 1000000; 1; 1; 1; gaussian; 0.5995; 2.1287367145798; 0; 4; 360; 822242; mcmc; 1; 
# n_dimensions: 5 
# n_peaks: 1 
# peak 0; position,sigma,weight:  0.00000  1.00000  1.00000 
# target mean, variance:                0                1 
# burn-in, mcmc steps: 0 1000000 
# n temperatures: 1 
#  T, rate, Proposal(shape,W1,W2,p1):   1.00000  1.00000      gaussian  0.59950  2.12874  0.00000 
#  n_bins: 4 n_bins_1d: 360 
# seed: 822242  chain_type: mcmc neighbor_swap_only: 1 
    1000  0.1705756  0.1605236  0.2148791    0.41606  0.8477433  0.5656589 
    2000  0.0795094  0.1190636   0.159311    0.30399  0.7447633  0.4335897 
    4000 0.04179364 0.08636691  0.1132821    0.21812  0.6137242  0.3221724 
    8000 0.02224142 0.06169627 0.08106174    0.15478  0.4768438  0.2330951 
   16000  0.0117461 0.04583267 0.06022406  0.1107031   0.354086  0.1671038 
   32000 0.00614948 0.03266291 0.04391847 0.07771563  0.2577349   0.118799 
   64000 0.003202633 0.02273464 0.03047091 0.05693703  0.1860781 0.08434251 
  128000 0.001567319  0.0156694 0.02102845 0.04045187  0.1327203 0.05990045 
  256000 0.0008486363 0.01152475 0.01501822 0.02880305  0.0943934 0.04271939 
  512000 0.0004310156 0.008247082 0.01059178 0.02046244  0.0671694 0.03014756 
 1000000 0.000217406 0.005806186 0.007621988 0.01479178 0.04842518 0.02157372 

# /home/tomfy/mcmc_toy/src/mcmc_toy; 5; 1; 0.0; 1.0; 1.0; 1000000; 1; 1; 1; gaussian; 0.5995; 2.53150884694581; 0; 4; 360; 220776; mcmc; 1; 
# n_dimensions: 5 
# n_peaks: 1 
# peak 0; position,sigma,weight:  0.00000  1.00000  1.00000 
# target mean, variance:                0                1 
# burn-in, mcmc steps: 0 1000000 
# n temperatures: 1 
#  T, rate, Proposal(shape,W1,W2,p1):   1.00000  1.00000      gaussian  0.59950  2.53151  0.00000 
#  n_bins: 4 n_bins_1d: 360 
# seed: 220776  chain_type: mcmc neighbor_swap_only: 1 
    1000  0.2921542  0.2278843  0.2984799    0.51561  0.9033489  0.6746947 
    2000  0.1526376  0.1653503  0.2179047  0.3947625  0.8345156   0.549217 
    4000 0.07391007  0.1196428  0.1564544   0.294315  0.7278997  0.4206947 
    8000 0.03650051 0.08337987  0.1063573  0.2122563   0.595846  0.3106103 
   16000 0.01872718 0.06098608 0.07972917  0.1514987  0.4641724  0.2268096 
   32000 0.00922829 0.04312129 0.05471843  0.1089553   0.346349   0.163143 
   64000 0.004454936 0.03106456 0.03992678    0.07714  0.2535033  0.1164314 
  128000 0.002350682 0.02143549 0.02655328 0.05489445  0.1824796 0.08260191 
  256000 0.001173853 0.01560086 0.01895872  0.0390559  0.1309989 0.05881953 
  512000 0.0006543134 0.01119203 0.01368366 0.02814686 0.09270765  0.0417523 
 1000000 0.0003398317 0.008334747 0.01066531 0.02026748 0.06653563 0.02981531 

