#  nT     T_hot    cold_rate  n_pi_eval  gen    n_try    n_acc    tvd_ndim   tvd_orth   tvd_refl   tvd_1d1   tvd_1dall     dmusq      ksd       edfs       sq_avg_q    sq_avg_p      T 
    1    1.0000          1     1000     1000     1000       27   0.9726563     0.5405    0.63825  0.9283333  0.7333778   0.1374897  0.1784048  0.2377662     0.0004         -1        1  
    1    1.0000          1     2000     2000     2000       72   0.9345234    0.36025     0.4875  0.8320556  0.5306333   0.2249506  0.1670789  0.2365574   0.010609         -1        1  
    1    1.0000          1     4000     4000     4000      150   0.8745859     0.2835     0.3455  0.7268055  0.4000445   0.1462381  0.1382769  0.1807705 0.01265625         -1        1  
    1    1.0000          1     8000     8000     8000      304   0.7733281      0.193      0.224  0.5674444     0.2945  0.09296312 0.09558917  0.1168257   0.000576         -1        1  
    1    1.0000          1    16000    16000    16000      591   0.6480078   0.140875  0.1516875  0.4373542     0.2103  0.03426887 0.07296952  0.1025518    4.9e-05         -1        1  
    1    1.0000          1    32000    32000    32000     1213   0.5143359 0.09109375   0.104875  0.3166806  0.1433285  0.007542572 0.04460958 0.06661307 0.001595004         -1        1  
    1    1.0000          1    64000    64000    64000     2363   0.3911484 0.06085938 0.07620312  0.2384896  0.1032993  0.002597274 0.03616656 0.05144554 0.001448754         -1        1  
    1    1.0000          1   128000   128000   128000     4656   0.2878203 0.05628906  0.0571875  0.1769193 0.07897569  0.002233445 0.02170044 0.03602072 0.0002287656         -1        1  
    1    1.0000          1   256000   256000   256000     9271   0.2141797 0.03541406 0.03066797  0.1370269 0.06236841  0.0008675438 0.01694783 0.01982854 1.760065e-05         -1        1  
    1    1.0000          1   512000   512000   512000    18801   0.1525117 0.02992578 0.02274219 0.09458985 0.04208025  0.0003358477 0.01151974 0.01470352 0.0001013325         -1        1  
    1    1.0000          1  1000000  1000000  1000000    36551   0.1095115   0.018522   0.017062 0.06923934 0.03208614  0.0003527302 0.008122821 0.01242222 1.044484e-06         -1        1  
