#  nT     T_hot    cold_rate  n_pi_eval  gen    n_try    n_acc    tvd_ndim   tvd_orth   tvd_refl   tvd_1d1   tvd_1dall     dmusq      ksd       edfs       sq_avg_q    sq_avg_p      T 
    4 23170.4750          1     4000     1000     1000      270   0.9621582     0.7725     0.7725  0.8033333  0.2911666    1.374151  0.7006752 0.04280219     0.0009         -1        1  
    4 23170.4750          1     8000     2000     2000      554   0.9416504    0.76325    0.76325  0.7909445  0.2351944    1.370845  0.7006752 0.04180408   0.002209         -1        1  
    4 23170.4750          1    16000     4000     4000     1151    0.932373   0.760625   0.760625  0.7888889  0.1917222    1.378735  0.7006736  0.0434498   0.000676         -1        1  
    4 23170.4750          1    32000     8000     8000     2282   0.9272109   0.761875   0.761875  0.7888889  0.1633195    1.383929  0.7006624 0.04402591 0.004455563         -1        1  
    4 23170.4750          1    64000    16000    16000     4425   0.9244062    0.75875    0.75875  0.7888889  0.1481355    1.383991  0.7006624  0.0456169 0.0009378906         -1        1  
    4 23170.4750          1   128000    32000    32000     8934    0.921834  0.7589687  0.7589687  0.7888889  0.1391441    1.384126  0.7006312 0.05107721 3.164062e-05         -1        1  
    4 23170.4750          1   256000    64000    64000    17703    0.900957  0.7322187  0.7322187  0.7428264  0.1435886    1.221677  0.6544494  0.6552946 8.61416e-05         -1        1  
    4 23170.4750          1   512000   128000   128000    35512   0.8609004  0.6837969  0.6837969  0.2673012   0.265135   0.4823388  0.1775209  0.1805962      4e-06         -1        1  
    4 23170.4750          1  1000000   250000   250000    69430   0.8612481   0.620421   0.620421 0.09602316  0.1379371     1.08759 0.08936304 0.06194414 1.6384e-08         -1        1  
