# T:          1         0        0      62500    17520     62500    12740 
# T:    1.82344         0        0      62500    17403     62500    18834 
# T:    3.32495         0        0      62500    17560     62500    25233 
# T:    6.06287         0        0      62500    17223     62500    28201 
# T:    11.0553         0        0      62500    17597     62500    30333 
# T:    20.1587         0        0      62500    19634     62500    34571 
# T:    36.7583         0        0      62500    25361     62500    40148 
# T:    67.0268         0        0      62500    32570     62500    44246 
# T:     122.22         0        0      62500    37635     62500    45349 
# T:    222.861         0        0      62500    38995     62500    44215 
# T:    406.375         0        0      62500    37860     62500    42359 
# T:    741.002         0        0      62500    35305     62500    40319 
# T:    1351.18         0        0      62500    32334     62500    37992 
# T:     2463.8         0        0      62500    29281     62500    36403 
# T:     4492.6         0        0      62500    26863     62500    35003 
# T:       8192         0        0      62500    24921 
