# T:          1         0        0      31250     8826     31250    20299 
# T:    1.33733         0        0      31250     8668     31250    20546 
# T:    1.78845         0        0      31250     8778     31250    21016 
# T:    2.39175         0        0      31250     8736     31250    21563 
# T:    3.19855         0        0      31250     8652     31250    21952 
# T:    4.27752         0        0      31250     8816     31250    22463 
# T:    5.72045         0        0      31250     8741     31250    22360 
# T:    7.65013         0        0      31250     8906     31250    22733 
# T:    10.2307         0        0      31250     8869     31250    22925 
# T:    13.6819         0        0      31250     9082     31250    23162 
# T:    18.2972         0        0      31250     9612     31250    23640 
# T:    24.4693         0        0      31250    10413     31250    24209 
# T:    32.7236         0        0      31250    11992     31250    25103 
# T:    43.7622         0        0      31250    13768     31250    25737 
# T:    58.5245         0        0      31250    15600     31250    26423 
# T:    78.2665         0        0      31250    17128     31250    26819 
# T:    104.668         0        0      31250    18238     31250    27037 
# T:    139.976         0        0      31250    19217     31250    27092 
# T:    187.194         0        0      31250    19591     31250    27050 
# T:    250.339         0        0      31250    19486     31250    26810 
# T:    334.786         0        0      31250    19226     31250    26592 
# T:     447.72         0        0      31250    18883     31250    26335 
# T:    598.749         0        0      31250    18058     31250    25908 
# T:    800.724         0        0      31250    17477     31250    25766 
# T:    1070.83         0        0      31250    16652     31250    25512 
# T:    1432.05         0        0      31250    15993     31250    25153 
# T:    1915.13         0        0      31250    15424     31250    24873 
# T:    2561.16         0        0      31250    14669     31250    24771 
# T:    3425.11         0        0      31250    14218     31250    24527 
# T:     4580.5         0        0      31250    13593     31250    24307 
# T:    6125.64         0        0      31250    12988     31250    24113 
# T:       8192         0        0      31250    12455 
