#  nT     T_hot    cold_rate  n_pi_eval  gen    n_try    n_acc    tvd_ndim   tvd_orth   tvd_refl   tvd_1d1   tvd_1dall     dmusq      ksd       edfs       sq_avg_q    sq_avg_p      T 
    6 32768.0000          1     6000     1000     1000      317    0.752875      0.478      0.478      0.579  0.4145555    4.507316   0.208996   0.546169   0.001444         -1        1  
    6 32768.0000          1    12000     2000     2000      640     0.77175      0.584      0.584      0.547  0.3001111      3.6869   0.358496  0.4681151   0.001444         -1        1  
    6 32768.0000          1    24000     4000     4000     1281    0.641625     0.4495     0.4495  0.4564445  0.2037222    1.868125  0.2845561   0.429184   0.001089         -1        1  
    6 32768.0000          1    48000     8000     8000     2554    0.412875    0.26925    0.26925  0.2469722   0.139625   0.3504472  0.1270388  0.2429845   0.000169         -1        1  
    6 32768.0000          1    96000    16000    16000     5091     0.24325   0.193125   0.193125  0.1585416 0.09144447  0.06479448 0.04371234  0.1454207      1e-06         -1        1  
    6 32768.0000          1   192000    32000    32000    10104   0.2737188   0.167125   0.167125   0.176132  0.1240138    0.188773  0.1620663  0.3722537   0.000196         -1        1  
    6 32768.0000          1   384000    64000    64000    20158   0.1964844  0.1415625  0.1415625  0.1321632 0.09660244  0.07450259 0.09278608  0.1789374 7.222656e-06         -1        1  
    6 32768.0000          1   768000   128000   128000    40547   0.2169844  0.1712969  0.1712969   0.125612 0.09499652  0.07301491  0.1190175  0.1854186 4.748071e-05         -1        1  
    6 32768.0000          1  1000002   166667   166667    52892   0.1788279   0.150119   0.150119  0.1106563 0.07880302  0.06552264  0.1088911  0.1845812 5.175343e-05         -1        1  
