# T:          1         0        0      62500    18705     62500    19250 
# T:    1.95432         0        0      62500    18744     62500    22439 
# T:    3.81937         0        0      62500    18807     62500    28686 
# T:    7.46426         0        0      62500    18603     62500    31862 
# T:    14.5876         0        0      62500    18688     62500    33099 
# T:    28.5088         0        0      62500    18789     62500    33460 
# T:    55.7152         0        0      62500    19225     62500    35142 
# T:    108.885         0        0      62500    24293     62500    39976 
# T:    212.797         0        0      62500    32674     62500    45302 
# T:    415.873         0        0      62500    39317     62500    47511 
# T:    812.749         0        0      62500    41373     62500    46920 
# T:    1588.37         0        0      62500    40079     62500    45332 
# T:    3104.19         0        0      62500    37182     62500    42622 
# T:    6066.58         0        0      62500    33638     62500    40653 
# T:      11856         0        0      62500    30302     62500    38724 
# T:    23170.5         0        0      62500    27382 
