#  nT     T_hot    cold_rate  n_pi_eval  gen    n_try    n_acc    tvd_ndim   tvd_orth   tvd_refl   tvd_1d1   tvd_1dall     dmusq      ksd       edfs       sq_avg_q    sq_avg_p      T 
    4 8192.0000          1     4000     1000     1000      295    0.939125     0.8965     0.8965  0.6441112  0.5433334    19.16981  0.4918133  0.8712039   0.000676         -1        1  
    4 8192.0000          1     8000     2000     2000      606   0.9010937     0.7825     0.7825  0.5782223  0.3617084    14.07758  0.4928133  0.8733884    6.4e-05         -1        1  
    4 8192.0000          1    16000     4000     4000     1238   0.8889687    0.72475    0.72475  0.3829445  0.2600764    3.263692  0.2370877  0.6010746 0.00013225         -1        1  
    4 8192.0000          1    32000     8000     8000     2470     0.86075   0.669625   0.669625  0.3149583  0.2144722    1.801695  0.2342127  0.5751689 7.5625e-06         -1        1  
    4 8192.0000          1    64000    16000    16000     4851   0.8574062   0.616875   0.616875  0.2318959  0.2131319    1.867892  0.1243013  0.3397928 0.0002480625         -1        1  
    4 8192.0000          1   128000    32000    32000     9731   0.7783125  0.5081562  0.5081562  0.1687049  0.1614401    1.057745  0.1263737  0.3005675 0.0002580039         -1        1  
    4 8192.0000          1   256000    64000    64000    19376    0.644875  0.4079844  0.4079844  0.1191198  0.1351762   0.8180317 0.04853164   0.160317 4.306641e-05         -1        1  
    4 8192.0000          1   512000   128000   128000    38832   0.5384844  0.3071953  0.3071953 0.09060415 0.04038907   0.2299049 0.03484358  0.1250786 4.834595e-05         -1        1  
    4 8192.0000          1  1000000   250000   250000    75390   0.3845992     0.2303     0.2303 0.08304528 0.03194111   0.1215198 0.03552465 0.08455189  5.776e-07         -1        1  
