# T:          1         0        0      62500    16640     62500     3164 
# T:    1.90968         0        0      62500    16735     62500    15683 
# T:    3.64689         0        0      62500    16775     62500    19949 
# T:     6.9644         0        0      62500    16847     62500    22166 
# T:    13.2998         0        0      62500    16624     62500    23296 
# T:    25.3984         0        0      62500    16659     62500    23387 
# T:    48.5029         0        0      62500    16980     62500    25096 
# T:    92.6252         0        0      62500    19484     62500    30036 
# T:    176.885         0        0      62500    25929     62500    37220 
# T:    337.794         0        0      62500    32865     62500    40785 
# T:     645.08         0        0      62500    36865     62500    40435 
# T:     1231.9         0        0      62500    37087     62500    38282 
# T:    2352.53         0        0      62500    34955     62500    34994 
# T:     4492.6         0        0      62500    31974     62500    33272 
# T:    8579.43         0        0      62500    29290     62500    30734 
# T:      16384         0        0      62500    26228 
