#  nT     T_hot    cold_rate  n_pi_eval  gen    n_try    n_acc    tvd_ndim   tvd_orth   tvd_refl   tvd_1d1   tvd_1dall     dmusq      ksd       edfs       sq_avg_q    sq_avg_p      T 
    2 23170.4750          1     2000     1000     1000      362       0.749      0.499      0.499  0.7101111  0.5765556    4.914369  0.5326935   1.131538   0.000676         -1        1  
    2 23170.4750          1     4000     2000     2000      729      0.7495     0.4995     0.4995  0.6756667  0.5401111    4.626774  0.3172353  0.2943598   0.000784         -1        1  
    2 23170.4750          1     8000     4000     4000     1391     0.74975    0.57525    0.57525  0.6998056  0.5801111    6.047582  0.4919853  0.9724699 0.00093025         -1        1  
    2 23170.4750          1    16000     8000     8000     2813     0.64625   0.468625   0.468625  0.6524028  0.4403958    2.901505  0.4018348  0.7630359 0.0006890625         -1        1  
    2 23170.4750          1    32000    16000    16000     5660   0.4476875  0.2039375  0.2039375  0.3575487  0.1677917    1.034916   0.148381  0.4881467 0.0001755625         -1        1  
    2 23170.4750          1    64000    32000    32000    11505   0.3223125  0.2449687  0.2449687  0.2147395  0.1700399   0.1765759  0.1761973  0.4102005 9.751563e-05         -1        1  
    2 23170.4750          1   128000    64000    64000    22878   0.2146562  0.1964687  0.1964687  0.1538837  0.1284271   0.2999404 0.06198647  0.1532263 2.316016e-05         -1        1  
    2 23170.4750          1   256000   128000   128000    45417   0.2375234  0.1294844  0.1294844   0.111652 0.05005472    0.191834 0.06300582  0.2224684 4.044165e-05         -1        1  
    2 23170.4750          1   512000   256000   256000    91024   0.1518086 0.07504297 0.07504297 0.07483598 0.05728236  0.05581463 0.04129801  0.1185988 6.768127e-06         -1        1  
    2 23170.4750          1  1000000   500000   500000   178221    0.156338   0.089946   0.089946  0.0940418 0.05871128   0.1016776 0.05737302   0.189104 3.64816e-07         -1        1  
