#  nT     T_hot    cold_rate  n_pi_eval  gen    n_try    n_acc    tvd_ndim   tvd_orth   tvd_refl   tvd_1d1   tvd_1dall     dmusq      ksd       edfs       sq_avg_q    sq_avg_p      T 
    2 23170.4750          1     2000     1000     1000      445       0.249      0.175      0.175  0.4987777  0.4987777   0.1782717  0.3016743  0.2229496     0.0004         -1        1  
    2 23170.4750          1     4000     2000     2000      874       0.116     0.0865     0.0865  0.3239999  0.3239999  0.06425963  0.1461743   0.207973   0.000169         -1        1  
    2 23170.4750          1     8000     4000     4000     1822     0.11425    0.08375    0.08375  0.2562223  0.2562223  0.05450179  0.1399064  0.1993488   0.000225         -1        1  
    2 23170.4750          1    16000     8000     8000     3589    0.049125     0.0285     0.0285  0.1744861  0.1744861  0.01680253 0.05742427  0.1150588 1.40625e-05         -1        1  
    2 23170.4750          1    32000    16000    16000     7136   0.0200625 0.006249997 0.006249997  0.1365973  0.1365973  0.006077282 0.04019411 0.07471321 0.0003195156         -1        1  
    2 23170.4750          1    64000    32000    32000    14246  0.008312497 0.006437497 0.006437497 0.09852776 0.09852776  0.0003430521 0.02134263 0.04142953 0.00030625         -1        1  
    2 23170.4750          1   128000    64000    64000    28480  0.01459375 0.01459375 0.01459375 0.06589761 0.06589761  8.489134e-05 0.02068955 0.03054179 2.889062e-05         -1        1  
    2 23170.4750          1   256000   128000   128000    57039  0.007890622 0.007890622 0.007890622 0.04228119 0.04228119  9.390234e-05 0.01130659 0.01412949 3.433228e-05         -1        1  
    2 23170.4750          1   512000   256000   256000   114029  0.002339841 0.002339841 0.002339841 0.02991279 0.02991279  6.940604e-09 0.002901492 0.002443471 5.043219e-05         -1        1  
    2 23170.4750          1  1000000   500000   500000   222825  0.003631998 0.000249997 0.000249997 0.02224258 0.02224258  0.0001636802 0.005653784 0.01282871 3.999298e-05         -1        1  
