#  nT     T_hot    cold_rate  n_pi_eval  gen    n_try    n_acc    tvd_ndim   tvd_orth   tvd_refl   tvd_1d1   tvd_1dall     dmusq      ksd       edfs       sq_avg_q    sq_avg_p      T 
    1    1.0000          1     1000     1000     1000      174       0.874      0.749      0.749  0.7200001  0.7130001    10.40371  0.5044879 0.02451039   0.001296         -1        1  
    1    1.0000          1     2000     2000     2000      361        0.86      0.735      0.735  0.6180001     0.5665    9.675411  0.4926908 0.03447498   0.013225         -1        1  
    1    1.0000          1     4000     4000     4000      718     0.67525    0.66125    0.66125  0.5165279  0.3946389    4.490907  0.4131908   0.424676 0.00525625         -1        1  
    1    1.0000          1     8000     8000     8000     1451     0.43475      0.339      0.339  0.4042918  0.2620972    1.156606  0.3377008  0.3517888   0.001444         -1        1  
    1    1.0000          1    16000    16000    16000     2941   0.3913125  0.2321875  0.2321875  0.3052362  0.2153785   0.4363501  0.2459189  0.4395335  2.025e-05         -1        1  
    1    1.0000          1    32000    32000    32000     5740   0.3479688  0.2472188  0.2472188  0.2796319   0.186394   0.4291692  0.2500706  0.4739277 6.909766e-05         -1        1  
    1    1.0000          1    64000    64000    64000    11568   0.1312813  0.1034375  0.1034375  0.1493004 0.08786714  0.03930434  0.0521463  0.1016352 0.0001995156         -1        1  
    1    1.0000          1   128000   128000   128000    23016   0.1083672 0.09784375 0.09784375 0.08609802 0.06293574  0.005880428 0.03358354 0.08791126 1.714478e-05         -1        1  
    1    1.0000          1   256000   256000   256000    45982  0.05578906 0.04191406 0.04191406 0.07083041 0.04746852  0.008338809 0.03310662 0.05726224 4.449463e-08         -1        1  
    1    1.0000          1   512000   512000   512000    92045  0.05101953 0.04115821 0.04115821  0.0509851 0.03312795  0.008377672 0.01727895 0.04075401 6.017822e-06         -1        1  
    1    1.0000          1  1000000  1000000  1000000   179540    0.063693   0.055782   0.055782 0.04172607 0.03723543  0.01503155 0.01840677 0.04358646 1.36752e-05         -1        1  
